0.003947526264	0.00030026	0.00024741	0.00023342	0.00022203	0.00021362	0.00020995	0.00020755	0.00020505	0.00020269	0.0001998394691
0.003962637052	0.00030301	0.00024754	0.00023375	0.00022183	0.00021362	0.00020999	0.00020749	0.00020502	0.00020265	0.0001998418618
0.00397774784	0.00030637	0.00024772	0.00023411	0.00022165	0.00021363	0.00021003	0.00020744	0.000205	0.00020262	0.000199849359
0.003992858629	0.00031033	0.00024793	0.0002345	0.00022147	0.00021365	0.00021008	0.00020739	0.000205	0.0002026	0.0001998618644
0.004007969417	0.00030314	0.00024819	0.00023491	0.00022131	0.00021368	0.00021015	0.00020736	0.00020499	0.00020258	0.0001998793414
0.004023080206	0.00029868	0.00024849	0.00023535	0.00022117	0.00021372	0.00021022	0.00020733	0.000205	0.00020258	0.0001999017742
0.004038190994	0.00029782	0.00024883	0.00023581	0.00022104	0.00021378	0.00021031	0.00020732	0.00020502	0.00020258	0.0001999292046
0.004053301783	0.00030055	0.00024922	0.0002363	0.00022092	0.00021384	0.0002104	0.00020731	0.00020503	0.0002026	0.0001999631052
0.004068412571	0.00030689	0.00024964	0.00023646	0.00022081	0.00021391	0.00021051	0.00020731	0.00020502	0.00020262	0.0002000004701
0.004083523359	0.00031683	0.00025011	0.00023611	0.00022071	0.000214	0.00021063	0.00020732	0.00020501	0.00020265	0.0002000427817
0.004098634148	0.00033036	0.00025061	0.00023578	0.00022063	0.0002141	0.00021075	0.00020734	0.00020502	0.00020269	0.0002000901956
0.004113744936	0.00030608	0.00025116	0.00023547	0.00022057	0.0002142	0.00021077	0.00020737	0.00020503	0.00020274	0.000200142419
0.004128855725	0.0003201	0.00025175	0.00023517	0.00022051	0.00021432	0.00021078	0.00020741	0.00020506	0.00020279	0.0002001995113
0.004143966513	0.00036769	0.00025239	0.00023489	0.00022047	0.00021445	0.0002108	0.00020745	0.00020509	0.00020286	0.0002002620523
0.004159077302	0.0003586	0.00025258	0.00023463	0.00022044	0.00021459	0.00021082	0.00020751	0.00020513	0.00020293	0.0002003296381
0.00417418809	0.00034998	0.00025216	0.00023439	0.00022043	0.00021474	0.00021086	0.00020757	0.00020518	0.00020301	0.0002004023011
0.004189298878	0.00034184	0.00025189	0.00023416	0.00022043	0.0002149	0.0002109	0.00020764	0.00020524	0.0002031	0.0002004801527
0.004204409667	0.00033417	0.00025175	0.00023395	0.00022044	0.00021507	0.00021095	0.00020771	0.00020528	0.0002032	0.0002005631095
0.004219520455	0.00032697	0.00025176	0.00023376	0.00022046	0.00021526	0.00021101	0.00020773	0.00020532	0.00020331	0.000200651254
0.004234631244	0.00032025	0.00025192	0.00023359	0.0002205	0.00021542	0.00021108	0.00020777	0.00020538	0.00020342	0.0002007445872
0.004249742032	0.000314	0.00025184	0.00023343	0.00022055	0.00021555	0.00021116	0.00020781	0.00020544	0.00020355	0.0002008430441
0.004264852821	0.00030822	0.00025096	0.00023329	0.00022061	0.00021569	0.00021125	0.00020786	0.00020551	0.00020368	0.000200946638
0.004279963609	0.00030292	0.00025035	0.00023316	0.00022069	0.00021584	0.00021135	0.00020792	0.0002056	0.00020382	0.0002010553852
0.004295074397	0.00029809	0.00025001	0.00023306	0.00022078	0.000216	0.00021145	0.00020799	0.00020569	0.00020397	0.0002011694525
0.004310185186	0.00029373	0.00024995	0.00023297	0.00022088	0.00021618	0.00021157	0.00020807	0.00020579	0.00020413	0.0002012887625
0.004325295974	0.00028985	0.00025016	0.00023289	0.000221	0.00021637	0.00021169	0.00020815	0.0002059	0.0002043	0.0002014134452
0.004340406763	0.00028644	0.00025064	0.00023284	0.00022113	0.00021657	0.00021183	0.00020825	0.00020602	0.00020444	0.0002015434091
0.004355517551	0.0002835	0.00025139	0.0002328	0.00022127	0.00021678	0.00021197	0.00020835	0.00020615	0.00020457	0.0002016786603
0.00437062834	0.00028104	0.00025242	0.00023278	0.00022143	0.00021693	0.00021212	0.00020846	0.00020626	0.00020471	0.0002018192065
0.004385739128	0.00027905	0.00025372	0.00023278	0.00022159	0.00021706	0.00021228	0.00020859	0.00020637	0.00020486	0.0002019650532
0.004400849917	0.00027753	0.00025529	0.00023279	0.00022178	0.00021721	0.00021245	0.00020872	0.0002065	0.00020501	0.0002021162052
0.004415960705	0.00027649	0.00025713	0.00023282	0.00022197	0.00021728	0.00021263	0.00020886	0.00020663	0.00020517	0.0002022726073
0.004431071493	0.00027592	0.00025925	0.00023287	0.00022218	0.00021734	0.00021273	0.000209	0.00020678	0.00020535	0.0002024342629
0.004446182282	0.00027582	0.00026084	0.00023293	0.0002224	0.0002174	0.00021277	0.00020916	0.00020693	0.00020553	0.0002025954216
0.00446129307	0.0002762	0.00025922	0.00023302	0.00022264	0.00021749	0.00021282	0.00020933	0.00020709	0.00020572	0.0002027674572
0.004476403859	0.00027705	0.00025795	0.00023312	0.00022288	0.00021758	0.00021288	0.0002095	0.00020725	0.00020591	0.0002029447787
0.004491514647	0.00027837	0.00025703	0.00023323	0.00022314	0.00021768	0.00021295	0.00020968	0.00020743	0.00020612	0.0002031273781
0.004506625436	0.00028017	0.00025646	0.00023337	0.00022342	0.00021779	0.00021303	0.00020987	0.00020762	0.00020629	0.000203315252
0.004521736224	0.00028244	0.00025624	0.00023352	0.0002237	0.00021791	0.00021313	0.00021008	0.00020781	0.00020643	0.0002035084204
0.004536847012	0.00028519	0.00025636	0.00023369	0.000224	0.00021805	0.00021323	0.00021028	0.00020802	0.00020658	0.0002037068782
0.004551957801	0.0002884	0.00025684	0.00023387	0.00022432	0.00021819	0.00021334	0.0002105	0.00020823	0.00020674	0.0002039106303
0.004567068589	0.00029209	0.00025766	0.00023407	0.00022464	0.00021835	0.00021347	0.00021073	0.00020845	0.0002069	0.0002041196801
0.004582179378	0.00029626	0.00025883	0.00023429	0.00022498	0.00021852	0.0002136	0.00021097	0.00020868	0.00020707	0.0002043340333
0.004597290166	0.00030089	0.00026035	0.00023453	0.00022534	0.00021869	0.00021375	0.00021121	0.00020892	0.00020725	0.0002045537122
0.004612400955	0.00030601	0.0002616	0.00023479	0.0002257	0.00021888	0.0002139	0.00021143	0.00020917	0.00020743	0.0002047787622
0.004627511743	0.00031159	0.00026076	0.00023506	0.00022606	0.00021908	0.00021407	0.0002116	0.00020942	0.00020763	0.0002050092542
0.004642622531	0.00031765	0.00025997	0.00023516	0.00022623	0.00021929	0.00021425	0.00021177	0.00020967	0.00020782	0.0002052452624
0.00465773332	0.00031734	0.00025922	0.00023497	0.00022641	0.00021951	0.00021444	0.00021196	0.00020992	0.00020803	0.0002054868114
0.004672844108	0.0003164	0.00025851	0.00023482	0.00022663	0.00021974	0.00021464	0.00021216	0.00021018	0.00020824	0.0002057338497
0.004687954897	0.0003155	0.00025783	0.00023471	0.00022687	0.00021999	0.00021485	0.00021236	0.00021045	0.00020846	0.0002059863077
0.004703065685	0.00031464	0.0002572	0.00023462	0.00022714	0.00022024	0.00021507	0.00021258	0.00021073	0.00020869	0.0002062441377
0.004718176474	0.00031382	0.00025661	0.00023457	0.00022743	0.0002205	0.0002153	0.00021281	0.00021102	0.00020892	0.0002065073282
0.004733287262	0.00031304	0.00025606	0.00023456	0.00022775	0.00022078	0.00021554	0.00021305	0.00021132	0.00020916	0.0002067759289
0.00474839805	0.0003123	0.00025555	0.00023458	0.0002281	0.00022106	0.00021579	0.0002133	0.00021152	0.00020941	0.0002070502455
0.004763508839	0.0003116	0.00025508	0.00023463	0.00022847	0.00022136	0.00021605	0.00021356	0.00021171	0.00020967	0.0002073296423
0.004778619627	0.00031095	0.00025465	0.00023472	0.00022886	0.00022167	0.00021633	0.00021383	0.0002119	0.00020993	0.0002076140509
0.004793730416	0.00031033	0.00025426	0.00023484	0.00022929	0.00022198	0.00021661	0.00021411	0.0002121	0.00021017	0.0002079034154
0.004808841204	0.00030976	0.00025392	0.00023499	0.00022951	0.00022231	0.00021691	0.00021441	0.00021232	0.0002104	0.0002081976562
0.004823951993	0.00030922	0.00025361	0.00023518	0.00022966	0.00022265	0.00021721	0.00021464	0.00021253	0.00021065	0.0002084966952
0.004839062781	0.00030873	0.00025334	0.0002354	0.00022985	0.000223	0.00021753	0.00021483	0.00021271	0.00021089	0.0002088004537
0.00485417357	0.00030828	0.00025311	0.00023566	0.00023008	0.00022336	0.00021786	0.00021503	0.0002129	0.00021115	0.0002091089499
0.004869284358	0.00030787	0.00025293	0.00023595	0.00023034	0.00022373	0.0002182	0.00021524	0.00021311	0.00021141	0.0002094220437
0.004884395146	0.0003075	0.00025278	0.00023627	0.00023063	0.0002241	0.00021855	0.00021546	0.00021332	0.00021168	0.000209739842
0.004899505935	0.00030717	0.00025267	0.00023663	0.00023095	0.00022434	0.0002189	0.00021568	0.00021354	0.00021196	0.0002100620225
0.004914616723	0.00030688	0.00025261	0.00023702	0.00023109	0.0002246	0.00021927	0.00021591	0.00021377	0.00021224	0.0002103885661
0.004929727512	0.00030663	0.00025258	0.00023744	0.00023114	0.00022487	0.00021966	0.00021615	0.00021402	0.00021252	0.0002107195073
0.0049448383	0.00030643	0.0002526	0.0002379	0.00023121	0.00022502	0.00022005	0.0002164	0.00021427	0.00021281	0.0002110548753
0.004959949089	0.00030626	0.00025266	0.00023839	0.0002313	0.0002252	0.00022045	0.00021665	0.00021454	0.00021309	0.0002113946749
0.004975059877	0.00030614	0.00025275	0.00023892	0.00023141	0.0002254	0.00022086	0.00021691	0.00021481	0.00021339	0.0002117389864
0.004990170665	0.00030605	0.00025289	0.00023948	0.00023155	0.00022562	0.00022129	0.00021719	0.0002151	0.00021365	0.0002120877671
0.005005281454	0.00030601	0.00025307	0.00024007	0.0002317	0.0002258	0.00022144	0.00021746	0.0002154	0.00021391	0.0002124409646
0.005020392242	0.00030601	0.00025328	0.0002407	0.00023188	0.00022594	0.0002216	0.00021775	0.00021571	0.00021419	0.0002127985795
0.005035503031	0.00030605	0.00025354	0.00024136	0.00023208	0.00022611	0.00022177	0.00021804	0.00021602	0.00021447	0.000213160613
0.005050613819	0.00030613	0.00025384	0.00024206	0.00023231	0.0002263	0.00022195	0.00021835	0.00021634	0.00021477	0.0002135270669
0.005065724608	0.00030625	0.00025418	0.00024279	0.00023255	0.00022652	0.00022215	0.00021865	0.00021665	0.00021507	0.0002138979428
0.005080835396	0.00030641	0.00025456	0.00024355	0.00023282	0.00022675	0.00022236	0.00021897	0.00021698	0.00021539	0.0002142732608
0.005095946184	0.00030661	0.00025498	0.00024435	0.00023311	0.00022701	0.00022258	0.0002193	0.00021731	0.00021572	0.0002146530262
0.005111056973	0.00030685	0.00025544	0.00024498	0.00023342	0.00022729	0.00022282	0.00021963	0.00021765	0.00021605	0.000215037247
0.005126167761	0.00030714	0.00025594	0.00024554	0.00023375	0.00022759	0.00022306	0.00021997	0.00021797	0.0002164	0.0002154259197
0.00514127855	0.00030746	0.00025648	0.00024613	0.00023411	0.00022791	0.00022333	0.00022032	0.00021825	0.00021675	0.0002158190317
0.005156389338	0.00030783	0.00025706	0.00024662	0.00023449	0.00022825	0.0002236	0.00022065	0.00021853	0.00021712	0.0002162165502
0.005171500127	0.00030824	0.00025768	0.00024669	0.00023489	0.00022862	0.00022389	0.00022098	0.00021883	0.0002175	0.0002166184744
0.005186610915	0.00030868	0.00025835	0.0002468	0.00023531	0.00022901	0.00022419	0.0002213	0.00021914	0.00021789	0.0002170248024
0.005201721703	0.00030917	0.00025905	0.00024692	0.00023576	0.00022942	0.0002245	0.00022153	0.00021946	0.00021828	0.0002174355764
0.005216832492	0.0003097	0.00025979	0.00024708	0.00023619	0.00022985	0.00022483	0.00022178	0.0002198	0.00021869	0.0002178507741
0.00523194328	0.00031027	0.00026057	0.00024726	0.00023641	0.00023021	0.00022517	0.00022204	0.00022015	0.00021911	0.0002182703945
0.005247054069	0.00031088	0.0002614	0.00024747	0.00023666	0.00023042	0.0002254	0.00022231	0.00022051	0.00021954	0.000218694435
0.005262164857	0.00031153	0.00026226	0.00024771	0.00023693	0.00023064	0.00022563	0.0002226	0.00022088	0.00021998	0.0002191229016
0.005277275646	0.00031223	0.00026317	0.00024797	0.00023723	0.00023088	0.00022587	0.00022291	0.00022126	0.00022043	0.0002195558255
0.005292386434	0.00031296	0.00026411	0.00024826	0.00023756	0.00023113	0.00022612	0.00022323	0.00022166	0.00022089	0.0002199931845
0.005307497222	0.00031374	0.0002651	0.00024857	0.00023791	0.0002314	0.00022639	0.00022356	0.00022207	0.00022136	0.0002204350731
0.005322608011	0.00031455	0.00026612	0.00024891	0.00023829	0.00023169	0.00022668	0.00022391	0.0002225	0.00022183	0.0002208817074
0.005337718799	0.00031541	0.00026719	0.00024928	0.0002387	0.00023199	0.00022698	0.00022427	0.00022293	0.00022227	0.0002213327483
0.005352829588	0.00031631	0.0002683	0.00024967	0.00023913	0.0002323	0.00022729	0.00022465	0.00022338	0.00022268	0.0002217881339
0.005367940376	0.00031724	0.00026945	0.00025009	0.00023959	0.00023263	0.00022762	0.00022504	0.00022384	0.0002231	0.0002222487549
0.005383051165	0.00031822	0.00027063	0.00025054	0.00024007	0.00023297	0.00022797	0.00022545	0.00022431	0.00022353	0.0002227140377
0.005398161953	0.00031924	0.00027186	0.00025102	0.00024058	0.00023333	0.00022833	0.00022587	0.0002248	0.00022397	0.0002231844956
0.005413272742	0.0003203	0.00027313	0.00025152	0.00024112	0.00023371	0.00022871	0.00022631	0.0002253	0.00022442	0.0002236602158
0.00542838353	0.00032141	0.00027444	0.00025204	0.00024169	0.0002341	0.0002291	0.00022676	0.00022581	0.00022488	0.0002241420668
0.005443494318	0.00032255	0.00027579	0.0002526	0.00024228	0.0002345	0.0002295	0.00022722	0.00022625	0.00022536	0.0002246309753
0.005458605107	0.00032373	0.00027718	0.00025318	0.00024289	0.00023482	0.00022993	0.0002277	0.00022668	0.00022585	0.0002251276268
0.005473715895	0.00032496	0.00027861	0.00025378	0.00024354	0.00023509	0.00023036	0.00022819	0.00022712	0.00022634	0.0002256324099
0.005488826684	0.00032622	0.00028008	0.00025441	0.000244	0.00023538	0.00023082	0.0002287	0.00022758	0.00022685	0.0002261454603
0.005503937472	0.00032753	0.00028159	0.00025507	0.00024424	0.00023569	0.00023128	0.00022922	0.00022805	0.00022737	0.0002266667938
0.005519048261	0.00032887	0.00028314	0.00025576	0.0002445	0.00023601	0.00023177	0.00022976	0.00022853	0.0002279	0.0002271964599
0.005534159049	0.00033026	0.00028473	0.00025647	0.00024478	0.00023635	0.00023226	0.00023031	0.00022902	0.00022845	0.0002277343299
0.005549269837	0.00033169	0.00028637	0.00025721	0.00024507	0.00023672	0.00023278	0.00023087	0.00022953	0.000229	0.0002282804081
0.005564380626	0.00033316	0.0002877	0.00025798	0.00024539	0.0002371	0.00023331	0.00023146	0.00023005	0.00022957	0.0002288349845
0.005579491414	0.00033467	0.0002881	0.00025877	0.00024572	0.00023749	0.00023385	0.00023205	0.00023059	0.00023014	0.0002293983049
0.005594602203	0.00033622	0.00028853	0.00025959	0.00024607	0.00023791	0.00023441	0.00023266	0.00023113	0.00023073	0.0002299694384
0.005609712991	0.00033782	0.00028899	0.00026043	0.00024644	0.00023834	0.00023498	0.00023328	0.0002317	0.00023133	0.0002305485114
0.00562482378	0.00033945	0.00028948	0.0002613	0.00024683	0.0002388	0.00023557	0.00023392	0.00023227	0.00023194	0.0002311351715
0.005639934568	0.00034112	0.00028999	0.0002622	0.00024724	0.00023927	0.00023617	0.00023451	0.00023286	0.00023252	0.000231729391
0.005655045356	0.00034284	0.00029054	0.00026313	0.00024766	0.00023975	0.00023679	0.00023511	0.00023346	0.00023309	0.0002323324834
0.005670156145	0.00034459	0.00029111	0.00026408	0.00024811	0.00024026	0.00023743	0.00023573	0.00023407	0.00023366	0.0002329431887
0.005685266933	0.00034639	0.0002917	0.00026506	0.00024857	0.00024078	0.00023808	0.00023632	0.0002347	0.00023425	0.0002335613155
0.005700377722	0.00034823	0.00029233	0.00026606	0.00024905	0.00024133	0.00023874	0.00023691	0.00023534	0.00023485	0.0002341869692
0.00571548851	0.00035011	0.00029298	0.00026709	0.00024955	0.00024189	0.00023942	0.00023752	0.00023599	0.00023547	0.0002348207488
0.005730599299	0.00035203	0.00029366	0.00026815	0.00025006	0.00024246	0.00024012	0.00023815	0.00023666	0.00023609	0.0002354630521
0.005745710087	0.00035399	0.00029437	0.00026923	0.0002506	0.00024306	0.0002408	0.00023878	0.00023734	0.00023672	0.000236114734
0.005760820875	0.00035599	0.0002951	0.00027034	0.00025115	0.00024368	0.0002414	0.00023941	0.00023803	0.00023737	0.0002367767729
0.005775931664	0.00035803	0.00029586	0.00027148	0.00025172	0.00024431	0.00024203	0.00024003	0.00023874	0.00023803	0.0002374457036
0.005791042452	0.00036011	0.00029665	0.00027264	0.00025231	0.00024496	0.00024264	0.00024068	0.00023946	0.0002387	0.0002381271381
0.005806153241	0.00036224	0.00029747	0.00027383	0.00025292	0.00024563	0.00024323	0.00024134	0.00024019	0.00023938	0.0002388117024
0.005821264029	0.0003644	0.00029832	0.00027505	0.00025355	0.00024631	0.00024384	0.00024201	0.00024093	0.00024007	0.0002395090101
0.005836374818	0.00036661	0.00029919	0.00027563	0.00025419	0.00024702	0.00024446	0.0002427	0.00024169	0.00024077	0.0002402154255
0.005851485606	0.00036885	0.00030009	0.00027596	0.00025485	0.00024774	0.0002451	0.00024341	0.00024247	0.00024149	0.0002409309524
0.005866596394	0.00037114	0.00030102	0.00027632	0.00025553	0.00024848	0.00024576	0.00024413	0.00024321	0.00024222	0.0002416555907
0.005881707183	0.00037347	0.00030198	0.00027669	0.00025623	0.00024924	0.00024643	0.00024486	0.00024389	0.00024296	0.0002423893417
0.005896817971	0.00037584	0.00030296	0.00027709	0.00025695	0.00025002	0.00024712	0.00024562	0.00024458	0.00024371	0.0002431359005
0.00591192876	0.00037825	0.00030397	0.00027751	0.00025769	0.00025081	0.00024783	0.00024638	0.00024528	0.00024447	0.0002438875616
0.005927039548	0.0003807	0.00030501	0.00027795	0.00025844	0.00025163	0.00024855	0.00024717	0.000246	0.00024524	0.0002446483489
0.005942150337	0.00038319	0.00030607	0.00027841	0.00025922	0.00025246	0.00024929	0.00024797	0.00024673	0.00024602	0.0002454182715
0.005957261125	0.00038572	0.00030717	0.00027889	0.00026001	0.00025331	0.00025005	0.00024869	0.00024747	0.00024682	0.0002461974258
0.005972371914	0.00038689	0.00030829	0.00027939	0.00026082	0.00025417	0.00025082	0.00024943	0.00024823	0.00024763	0.0002469858954
0.005987482702	0.0003874	0.00030944	0.00027991	0.00026164	0.00025506	0.00025161	0.00025018	0.000249	0.00024845	0.0002477835375
0.00600259349	0.00038802	0.00031061	0.00028045	0.00026249	0.00025596	0.00025242	0.00025095	0.00024978	0.00024928	0.0002485903412
0.006017704279	0.00038875	0.00031182	0.00028102	0.00026335	0.00025688	0.00025324	0.00025174	0.00025058	0.00025012	0.0002494064413
0.006032815067	0.00038959	0.00031305	0.0002816	0.00026424	0.00025782	0.00025408	0.00025254	0.00025139	0.00025092	0.0002502316546
0.006047925856	0.00039055	0.00031431	0.0002822	0.00026514	0.00025878	0.00025494	0.00025333	0.00025222	0.0002517	0.0002510659349
0.006063036644	0.00039161	0.00031559	0.00028283	0.00026606	0.00025976	0.00025582	0.00025412	0.00025306	0.0002525	0.0002519093625
0.006078147433	0.00039279	0.00031691	0.00028348	0.00026699	0.00026075	0.00025671	0.00025493	0.00025391	0.00025331	0.0002527621727
0.006093258221	0.00039407	0.00031825	0.00028415	0.00026795	0.00026176	0.00025762	0.00025575	0.00025477	0.00025414	0.0002536250095
0.006108369009	0.00039547	0.00031962	0.00028483	0.00026892	0.00026279	0.00025854	0.00025658	0.00025565	0.00025497	0.0002544976852
0.006123479798	0.00039698	0.00032102	0.00028554	0.00026992	0.00026384	0.00025948	0.00025743	0.00025655	0.00025582	0.0002553803042
0.006138590586	0.0003986	0.00032244	0.00028627	0.00027093	0.00026491	0.0002604	0.00025829	0.00025745	0.00025668	0.0002562733044
0.006153701375	0.00040033	0.00032389	0.00028702	0.00027196	0.00026599	0.00026131	0.00025917	0.00025837	0.00025755	0.000257175182
0.006168812163	0.00040217	0.00032537	0.0002878	0.000273	0.00026709	0.00026224	0.00026006	0.00025921	0.00025843	0.0002580873828
0.006183922952	0.00040413	0.00032688	0.00028859	0.00027407	0.00026821	0.00026318	0.00026097	0.00026007	0.00025933	0.0002590123768
0.00619903374	0.00040619	0.00032841	0.0002894	0.00027515	0.00026935	0.00026414	0.00026189	0.00026094	0.00026023	0.0002599468066
0.006214144528	0.00040837	0.00032998	0.00029024	0.00027626	0.00027051	0.00026511	0.00026283	0.00026182	0.00026115	0.0002608933068
0.006229255317	0.00041066	0.00033157	0.00029109	0.00027738	0.00027167	0.0002661	0.00026378	0.00026271	0.00026208	0.0002618480938
0.006244366105	0.00041306	0.00033318	0.00029197	0.00027852	0.00027268	0.0002671	0.00026475	0.00026362	0.00026303	0.0002628115182
0.006259476894	0.00041557	0.00033483	0.00029287	0.00027967	0.00027372	0.00026812	0.00026573	0.00026454	0.00026398	0.0002637855549
0.006274587682	0.00041819	0.0003365	0.00029378	0.00028085	0.00027467	0.00026915	0.00026672	0.00026548	0.00026495	0.0002647705582
0.006289698471	0.00042092	0.0003382	0.00029472	0.00028204	0.00027556	0.0002702	0.00026773	0.00026642	0.00026593	0.0002657659393
0.006304809259	0.00042376	0.00033993	0.00029568	0.00028325	0.00027647	0.00027127	0.00026875	0.00026738	0.00026692	0.0002667711319
0.006319920047	0.00042672	0.00034169	0.00029666	0.00028448	0.0002774	0.00027234	0.00026979	0.00026836	0.00026792	0.0002677864298
0.006335030836	0.00042979	0.00034347	0.00029766	0.00028573	0.00027834	0.00027344	0.00027084	0.00026934	0.00026894	0.0002688139594
0.006350141624	0.00043231	0.00034528	0.00029869	0.000287	0.0002793	0.00027454	0.00027191	0.00027034	0.00026997	0.0002698467546
0.006365252413	0.0004336	0.00034712	0.00029973	0.00028829	0.00028028	0.00027566	0.00027299	0.00027136	0.00027101	0.0002708930958
0.006380363201	0.00043512	0.00034898	0.00030079	0.00028959	0.00028127	0.0002768	0.00027409	0.00027238	0.00027206	0.0002719504326
0.00639547399	0.00043685	0.00035088	0.00030188	0.00029091	0.00028228	0.00027795	0.0002752	0.00027342	0.00027312	0.0002730195711
0.006410584778	0.00043882	0.0003528	0.00030298	0.00029225	0.00028331	0.00027903	0.00027633	0.00027447	0.0002742	0.0002741006739
0.006425695567	0.00044101	0.00035475	0.00030411	0.00029361	0.00028436	0.00027999	0.00027747	0.00027554	0.00027529	0.0002751937282
0.006440806355	0.00044342	0.00035672	0.00030526	0.00029493	0.00028542	0.00028096	0.00027856	0.00027661	0.00027639	0.0002762987318
0.006455917143	0.00044606	0.00035873	0.00030643	0.00029598	0.0002865	0.00028195	0.00027967	0.00027771	0.0002775	0.0002774156718
0.006471027932	0.00044892	0.00036076	0.00030761	0.00029704	0.0002876	0.00028296	0.00028072	0.00027881	0.00027862	0.0002785445442
0.00648613872	0.00045201	0.00036282	0.00030882	0.00029813	0.00028872	0.00028398	0.00028173	0.00027993	0.00027976	0.0002796853488
0.006501249509	0.00045532	0.0003649	0.00031006	0.00029923	0.00028985	0.00028502	0.00028275	0.00028106	0.00028091	0.0002808380837
0.006516360297	0.00045886	0.00036702	0.00031131	0.00030036	0.000291	0.00028608	0.0002838	0.0002822	0.00028207	0.0002820027456
0.006531471086	0.00046262	0.00036916	0.00031258	0.0003015	0.00029216	0.00028715	0.00028485	0.00028336	0.00028324	0.0002831793337
0.006546581874	0.0004666	0.00037133	0.00031387	0.00030267	0.00029335	0.00028824	0.00028593	0.00028453	0.00028442	0.000284367851
0.006561692662	0.00047082	0.00037352	0.00031519	0.00030377	0.00029455	0.00028934	0.00028702	0.00028571	0.00028561	0.0002855731632
0.006576803451	0.00047525	0.00037575	0.00031652	0.00030485	0.00029576	0.00029046	0.00028813	0.0002869	0.00028681	0.0002867837648
0.006591914239	0.00047991	0.000378	0.00031788	0.00030595	0.000297	0.0002916	0.00028925	0.00028811	0.00028803	0.0002880045015
0.006607025028	0.0004848	0.00038028	0.00031925	0.00030707	0.00029825	0.00029275	0.00029039	0.00028933	0.00028926	0.0002892409151
0.006622135816	0.00048991	0.00038232	0.00032065	0.00030821	0.00029952	0.00029392	0.00029154	0.00029057	0.0002905	0.0002904895897
0.006637246605	0.00049326	0.00038416	0.00032207	0.00030937	0.0003008	0.0002951	0.00029271	0.00029182	0.00029176	0.0002917501073
0.006652357393	0.00049661	0.00038606	0.00032351	0.00031054	0.00030211	0.00029631	0.0002939	0.00029308	0.00029302	0.0002930225506
0.006667468181	0.00050004	0.00038803	0.00032497	0.00031173	0.00030343	0.00029752	0.00029511	0.00029435	0.0002943	0.0002943068656
0.00668257897	0.00050356	0.00039007	0.00032645	0.00031294	0.00030477	0.00029876	0.00029633	0.00029564	0.0002956	0.000295603055
0.006697689758	0.00050715	0.00039216	0.00032795	0.00031417	0.00030612	0.00030001	0.00029756	0.00029694	0.00029694	0.0002969090199
0.006712800547	0.00051084	0.00039433	0.00032947	0.00031542	0.00030749	0.00030127	0.00029882	0.00029825	0.00029825	0.000298229319
0.006727911335	0.0005146	0.00039656	0.00033102	0.00031668	0.00030888	0.00030256	0.00030008	0.00029958	0.00029958	0.0002995615303
0.006743022124	0.00051845	0.00039882	0.00033258	0.00031797	0.00031029	0.00030386	0.00030137	0.00030092	0.00030092	0.0003009057412
0.006758132912	0.00052239	0.00039991	0.00033417	0.00031927	0.00031171	0.00030517	0.00030267	0.00030227	0.00030227	0.0003022620681
0.0067732437	0.00052641	0.00040109	0.00033577	0.00032059	0.00031305	0.0003065	0.00030399	0.00030364	0.00030364	0.0003036306499
0.006788354489	0.00053051	0.00040237	0.0003374	0.00032192	0.00031428	0.00030785	0.00030532	0.00030502	0.00030502	0.0003050118582
0.006803465277	0.0005347	0.00040375	0.00033905	0.00032328	0.00031552	0.00030921	0.00030667	0.00030641	0.00030641	0.0003064053881
0.006818576066	0.00053897	0.00040522	0.00034072	0.00032465	0.00031679	0.00031059	0.00030804	0.00030781	0.00030781	0.0003078113116
0.006833686854	0.00054332	0.00040679	0.00034241	0.00032604	0.00031807	0.00031199	0.00030942	0.00030923	0.00030923	0.0003092296539
0.006848797643	0.00054776	0.00040846	0.00034412	0.00032745	0.00031937	0.0003134	0.00031082	0.00031066	0.00031066	0.0003106604131
0.006863908431	0.00055228	0.00041022	0.00034585	0.00032888	0.00032068	0.00031483	0.00031223	0.00031211	0.00031211	0.0003121035925
0.006879019219	0.00051758	0.00041208	0.0003476	0.00033033	0.00032201	0.00031628	0.00031366	0.00031356	0.00031356	0.0003135591914
0.006894130008	0.00050988	0.00041404	0.00034937	0.00033179	0.00032336	0.00031774	0.00031511	0.00031503	0.00031503	0.0003150272464
0.006909240796	0.00050802	0.00041609	0.00035117	0.00033327	0.00032473	0.00031921	0.00031657	0.00031652	0.00031652	0.000316507883
0.006924351585	0.00051494	0.00041825	0.00035298	0.00033477	0.00032611	0.00032071	0.00031805	0.00031805	0.00031805	0.0003180011107
0.006939462373	0.00053943	0.0004205	0.00035482	0.00033629	0.00032751	0.00032222	0.00031955	0.00031955	0.00031955	0.0003195068771
0.006954573162	0.00051537	0.00042284	0.00035667	0.0003377	0.00032893	0.00032374	0.00032106	0.00032106	0.00032106	0.0003210250922
0.00696968395	0.00049547	0.00042528	0.00035855	0.00033878	0.00033037	0.00032529	0.00032259	0.00032259	0.00032259	0.0003225564325
0.006984794739	0.00047973	0.00042378	0.00036045	0.00033991	0.00033182	0.00032684	0.00032413	0.00032413	0.00032413	0.0003241003014
0.006999905527	0.00046815	0.00042263	0.00036221	0.00034109	0.00033329	0.00032842	0.00032569	0.00032569	0.00032569	0.0003256573215
0.007015016315	0.00046074	0.00042456	0.00036371	0.00034231	0.00033466	0.00033001	0.00032727	0.00032727	0.00032727	0.0003272284649
0.007030127104	0.00045748	0.00042958	0.00036526	0.00034358	0.00033576	0.00033162	0.00032886	0.00032886	0.00032886	0.0003288149291
0.007045237892	0.00045838	0.00042585	0.00036686	0.00034489	0.00033691	0.00033324	0.00033047	0.00033047	0.00033047	0.0003304171721
0.007060348681	0.00046344	0.00041935	0.00036851	0.00034626	0.0003381	0.00033488	0.00033209	0.00033202	0.00033202	0.0003320352404
0.007075459469	0.00047267	0.00041525	0.0003702	0.00034767	0.00033934	0.00033654	0.00033374	0.00033366	0.00033366	0.0003336690123
0.007090570258	0.00048605	0.00041356	0.00037195	0.00034913	0.00034062	0.00033789	0.00033539	0.00033531	0.00033531	0.0003353191999
0.007105681046	0.00050194	0.00041427	0.00037375	0.00035063	0.00034195	0.00033919	0.00033707	0.00033697	0.00033697	0.0003369856496
0.007120791834	0.00051318	0.00041738	0.00037559	0.00035219	0.00034332	0.00034055	0.00033876	0.00033865	0.00033865	0.0003386674529
0.007135902623	0.00052718	0.0004229	0.00037748	0.00035379	0.00034474	0.00034194	0.00034046	0.00034035	0.00034035	0.0003403650198
0.007151013411	0.00054395	0.00043032	0.00037943	0.00035543	0.0003462	0.00034339	0.00034218	0.00034206	0.00034206	0.0003420765264
0.0071661242	0.00056348	0.0004281	0.00038142	0.00035713	0.00034771	0.00034488	0.00034392	0.00034379	0.00034379	0.0003438106338
0.007181234988	0.0005632	0.00042612	0.00038346	0.00035887	0.00034927	0.00034641	0.00034568	0.00034554	0.00034554	0.0003455513565
0.007196345777	0.00056213	0.00042436	0.00038555	0.00036066	0.00035087	0.00034799	0.00034745	0.0003473	0.0003473	0.0003473118197
0.007211456565	0.0005613	0.00042284	0.00038769	0.00036249	0.00035251	0.00034961	0.00034924	0.00034907	0.00034907	0.0003490879657
0.007226567353	0.0005607	0.00042155	0.00038987	0.00036438	0.00035421	0.00035128	0.00035104	0.00035087	0.00035087	0.0003508800017
0.007241678142	0.00054924	0.00042048	0.00039017	0.00036631	0.00035594	0.000353	0.00035277	0.00035277	0.00035277	0.0003526882682
0.00725678893	0.00056019	0.00041965	0.00038929	0.00036828	0.00035772	0.00035476	0.00035453	0.00035453	0.00035453	0.0003545138082
0.007271899719	0.00056029	0.00041905	0.00038863	0.00037031	0.00035955	0.00035656	0.00035634	0.00035634	0.00035634	0.0003563520618
0.007287010507	0.00056062	0.00041868	0.0003882	0.00037238	0.00036142	0.00035841	0.00035819	0.00035819	0.00035819	0.0003582107636
0.007302121296	0.00056118	0.00041854	0.000388	0.0003745	0.00036334	0.00036031	0.00036009	0.00036009	0.00036009	0.0003601090708
0.007317232084	0.00056197	0.00041863	0.00038804	0.00037667	0.00036531	0.00036225	0.00036204	0.00036204	0.00036204	0.0003620530333
0.007332342872	0.00056299	0.00041895	0.0003883	0.0003769	0.00036731	0.00036424	0.00036402	0.00036402	0.00036402	0.0003640423601
0.007347453661	0.00056425	0.0004195	0.00038879	0.00037718	0.00036937	0.00036627	0.00036606	0.00036606	0.00036606	0.0003660770224
0.007362564449	0.00056574	0.00042028	0.00038952	0.00037768	0.00037147	0.00036835	0.00036814	0.00036814	0.00036814	0.0003681569888
0.007377675238	0.00056746	0.00042129	0.00039047	0.00037841	0.00037361	0.00037047	0.00037026	0.00037026	0.00037026	0.0003702823895
0.007392786026	0.00056941	0.00042253	0.00039166	0.00037936	0.00037486	0.00037264	0.00037243	0.00037243	0.00037243	0.0003724544579
0.007407896815	0.0005716	0.000424	0.00039308	0.00038055	0.00037628	0.00037485	0.00037465	0.00037465	0.00037465	0.0003746687808
0.007423007603	0.00057402	0.00042571	0.00039472	0.00038196	0.00037791	0.00037711	0.00037691	0.00037691	0.00037691	0.0003769298648
0.007438118392	0.00057667	0.00042764	0.0003966	0.00038361	0.00037977	0.00037937	0.00037937	0.00037937	0.00037937	0.000379236312
0.00745322918	0.00057955	0.0004298	0.00039871	0.00038548	0.00038185	0.00038158	0.00038158	0.00038158	0.00038158	0.0003815888538
0.007468339968	0.00058266	0.0004322	0.00040104	0.00038758	0.00038416	0.00038398	0.00038398	0.00038398	0.00038398	0.0003840124747
0.007483450757	0.00058601	0.00043482	0.00040361	0.0003899	0.00038668	0.00038659	0.00038659	0.00038659	0.00038659	0.0003866224992
0.007498561545	0.00058959	0.00043768	0.00040641	0.00039246	0.00038943	0.00038943	0.00038943	0.00038943	0.00038943	0.000389435028
0.007513672334	0.0005934	0.00044076	0.00040944	0.00039524	0.0003924	0.0003924	0.0003924	0.0003924	0.0003924	0.0003924402843
0.007528783122	0.00059744	0.00044408	0.0004127	0.00039826	0.0003956	0.0003956	0.0003956	0.0003956	0.0003956	0.0003956446081
0.007543893911	0.00060172	0.00044763	0.00041619	0.0004015	0.00039901	0.00039901	0.00039901	0.00039901	0.00039901	0.0003990664702
0.007559004699	0.00060623	0.0004514	0.00041991	0.00040497	0.00040265	0.00040265	0.00040265	0.00040265	0.00040265	0.0004027114228
0.007574115487	0.00061097	0.00045541	0.00042386	0.00040866	0.00040651	0.00040651	0.00040651	0.00040651	0.00040651	0.0004065791596
0.007589226276	0.00061594	0.00045965	0.00042804	0.00041259	0.00041059	0.00041059	0.00041059	0.00041059	0.00041059	0.0004106696584
0.007604337064	0.00062114	0.00046412	0.00043245	0.00041674	0.0004149	0.0004149	0.0004149	0.0004149	0.0004149	0.0004149829276
0.007619447853	0.00062658	0.00046882	0.00043709	0.00042112	0.00041942	0.00041942	0.00041942	0.00041942	0.00041942	0.0004195189691
0.007634558641	0.00063225	0.00047375	0.00044196	0.00042573	0.00042417	0.00042417	0.00042417	0.00042417	0.00042417	0.0004242777856
0.00764966943	0.00063815	0.00047891	0.00044707	0.00043057	0.00042915	0.00042915	0.00042915	0.00042915	0.00042915	0.0004292593801
0.007664780218	0.00064428	0.0004843	0.0004524	0.00043564	0.00043434	0.00043434	0.00043434	0.00043434	0.00043434	0.0004344637468
0.007679891006	0.00065065	0.00048992	0.00045796	0.00044093	0.00043976	0.00043976	0.00043976	0.00043976	0.00043976	0.0004398908882
0.007695001795	0.00065725	0.00049577	0.00046376	0.00044646	0.0004454	0.0004454	0.0004454	0.0004454	0.0004454	0.0004455408034
0.007710112583	0.00066407	0.00050185	0.00046978	0.00045221	0.00045126	0.00045126	0.00045126	0.00045126	0.00045126	0.0004514178628
0.007725223372	0.00067114	0.00050817	0.00047604	0.00045819	0.00045734	0.00045734	0.00045734	0.00045734	0.00045734	0.0004575129226
0.00774033416	0.00067843	0.00051471	0.00048246	0.0004644	0.00046365	0.00046365	0.00046365	0.00046365	0.00046365	0.0004638309614
0.007755444949	0.00068596	0.00052148	0.00048886	0.00047083	0.00047017	0.00047017	0.00047017	0.00047017	0.00047017	0.0004703717681
0.007770555737	0.00069372	0.00052849	0.00049549	0.0004775	0.00047693	0.00047693	0.00047693	0.00047693	0.00047693	0.0004771352857
0.007785666525	0.00070171	0.00053572	0.00050235	0.00048439	0.0004839	0.0004839	0.0004839	0.0004839	0.0004839	0.0004841215379
0.007800777314	0.00070993	0.00054318	0.00050943	0.00049151	0.00049109	0.00049109	0.00049109	0.00049109	0.00049109	0.0004913305349
0.007815888102	0.00071838	0.00055088	0.00051675	0.00049886	0.00049851	0.00049851	0.00049851	0.00049851	0.00049851	0.0004987601425
0.007830998891	0.00072707	0.00055881	0.00052429	0.00050644	0.00050615	0.00050615	0.00050615	0.00050615	0.00050615	0.0005064148834
0.007846109679	0.00073527	0.00056696	0.00053206	0.00051425	0.00051401	0.00051401	0.00051401	0.00051401	0.00051401	0.0005142925595
0.007861220468	0.0007417	0.00057535	0.00054006	0.00052228	0.0005221	0.0005221	0.0005221	0.0005221	0.0005221	0.0005223930081
0.007876331256	0.00074838	0.00058397	0.00054829	0.00053055	0.00053055	0.00053055	0.00053055	0.00053055	0.00053055	0.0005307162168
0.007891442044	0.00075532	0.00059281	0.00055674	0.00053904	0.00053904	0.00053904	0.00053904	0.00053904	0.00053904	0.0005392621772
0.007906552833	0.00076251	0.00060189	0.00056543	0.00054776	0.00054776	0.00054776	0.00054776	0.00054776	0.00054776	0.0005480308935
0.007921663621	0.00076996	0.0006112	0.00057434	0.0005567	0.0005567	0.0005567	0.0005567	0.0005567	0.0005567	0.0005570223757
0.00793677441	0.00077766	0.00062074	0.00058348	0.00056588	0.00056588	0.00056588	0.00056588	0.00056588	0.00056588	0.0005662378667
0.007951885198	0.00078562	0.00063051	0.00059285	0.00057529	0.00057529	0.00057529	0.00057529	0.00057529	0.00057529	0.0005756743073
0.007966995987	0.00079383	0.00064051	0.00060244	0.00058492	0.00058492	0.00058492	0.00058492	0.00058492	0.00058492	0.0005853337197
0.007982106775	0.0008023	0.00065074	0.00061227	0.00059478	0.00059478	0.00059478	0.00059478	0.00059478	0.00059478	0.0005952164042
0.007997217564	0.00081102	0.0006612	0.00062232	0.00060487	0.00060487	0.00060487	0.00060487	0.00060487	0.00060487	0.0006053259118
0.008012328352	0.00081999	0.00067189	0.0006326	0.00061519	0.00061519	0.00061519	0.00061519	0.00061519	0.00061519	0.0006156641886
0.00802743914	0.00082923	0.00068281	0.00064311	0.00062573	0.00062573	0.00062573	0.00062573	0.00062573	0.00062573	0.0006262312236
0.008042549929	0.00083871	0.00069396	0.00065385	0.00063651	0.00063651	0.00063651	0.00063651	0.00063651	0.00063651	0.0006370270259
0.008057660717	0.00084845	0.00070535	0.00066482	0.00064751	0.00064751	0.00064751	0.00064751	0.00064751	0.00064751	0.0006480515784
0.008072771506	0.00085845	0.00071696	0.00067601	0.00065874	0.00065874	0.00065874	0.00065874	0.00065874	0.00065874	0.0006593048811
0.008087882294	0.0008687	0.0007288	0.00068744	0.0006702	0.0006702	0.0006702	0.0006702	0.0006702	0.0006702	0.000670786934
0.008102993083	0.0008792	0.00074088	0.00069909	0.00068189	0.00068189	0.00068189	0.00068189	0.00068189	0.00068189	0.0006824977371
0.008118103871	0.00088996	0.00075318	0.00071097	0.0006938	0.0006938	0.0006938	0.0006938	0.0006938	0.0006938	0.0006944372905
0.008133214659	0.00090098	0.00076572	0.00072308	0.00070595	0.00070595	0.00070595	0.00070595	0.00070595	0.00070595	0.0007066055953
0.008148325448	0.00091225	0.00077848	0.00073542	0.00071832	0.00071832	0.00071832	0.00071832	0.00071832	0.00071832	0.0007190026606
0.008163436236	0.00092377	0.00079043	0.00074798	0.00073092	0.00073092	0.00073092	0.00073092	0.00073092	0.00073092	0.0007316284738
0.008178547025	0.00093555	0.00080234	0.00076077	0.00074375	0.00074375	0.00074375	0.00074375	0.00074375	0.00074375	0.0007444830346
0.008193657813	0.00094759	0.00081452	0.0007738	0.0007568	0.0007568	0.0007568	0.0007568	0.0007568	0.0007568	0.0007575663422
0.008208768602	0.00095987	0.00082694	0.00078705	0.00077009	0.00077009	0.00077009	0.00077009	0.00077009	0.00077009	0.0007708783934
0.00822387939	0.00097242	0.00083962	0.00080053	0.0007836	0.0007836	0.0007836	0.0007836	0.0007836	0.0007836	0.0007844191754
0.008238990178	0.00098522	0.00085256	0.00081423	0.00079735	0.00079735	0.00079735	0.00079735	0.00079735	0.00079735	0.0007981887704
0.008254100967	0.00099827	0.00086575	0.00082817	0.00081132	0.00081132	0.00081132	0.00081132	0.00081132	0.00081132	0.0008121871266
0.008269211755	0.0010116	0.0008792	0.00084182	0.00082551	0.00082551	0.00082551	0.00082551	0.00082551	0.00082551	0.0008264142215
0.008284322544	0.0010251	0.0008929	0.00085533	0.00083994	0.00083994	0.00083994	0.00083994	0.00083994	0.00083994	0.0008408700406
0.008299433332	0.001039	0.00090685	0.00086911	0.0008546	0.0008546	0.0008546	0.0008546	0.0008546	0.0008546	0.0008555545842
0.008314544121	0.001053	0.00092106	0.00088314	0.00086948	0.00086948	0.00086948	0.00086948	0.00086948	0.00086948	0.0008704678626
0.008329654909	0.0010674	0.00093553	0.00089742	0.00088459	0.00088459	0.00088459	0.00088459	0.00088459	0.00088459	0.0008856099211
0.008344765697	0.0010819	0.00095025	0.00091195	0.00089993	0.00089993	0.00089993	0.00089993	0.00089993	0.00089993	0.0009009807786
0.008359876486	0.0010968	0.00096522	0.00092675	0.0009155	0.0009155	0.0009155	0.0009155	0.0009155	0.0009155	0.0009165803598
0.008374987274	0.0011119	0.00098045	0.00094179	0.0009313	0.0009313	0.0009313	0.0009313	0.0009313	0.0009313	0.0009324086492
0.008390098063	0.0011272	0.00099594	0.00095709	0.00094732	0.00094732	0.00094732	0.00094732	0.00094732	0.00094732	0.0009484657102
0.008405208851	0.0011428	0.0010117	0.00097264	0.00096358	0.00096358	0.00096358	0.00096358	0.00096358	0.00096358	0.0009647515643
0.00842031964	0.0011587	0.0010277	0.00098845	0.00098006	0.00098006	0.00098006	0.00098006	0.00098006	0.00098006	0.0009812661942
0.008435430428	0.0011748	0.0010439	0.0010045	0.00099677	0.00099677	0.00099677	0.00099677	0.00099677	0.00099677	0.0009980095922
0.008450541217	0.0011911	0.0010604	0.0010208	0.0010137	0.0010137	0.0010137	0.0010137	0.0010137	0.0010137	0.001014981749
0.008465652005	0.0012078	0.0010772	0.0010374	0.0010309	0.0010309	0.0010309	0.0010309	0.0010309	0.0010309	0.001032182677
0.008480762793	0.0012246	0.0010942	0.0010542	0.0010483	0.0010483	0.0010483	0.0010483	0.0010483	0.0010483	0.001049613433
0.008495873582	0.0012418	0.0011115	0.0010713	0.0010659	0.0010659	0.0010659	0.0010659	0.0010659	0.0010659	0.00106727347
0.00851098437	0.0012592	0.001129	0.0010886	0.0010837	0.0010837	0.0010837	0.0010837	0.0010837	0.0010837	0.0010851572
0.008526095159	0.0012768	0.0011468	0.0011062	0.0011018	0.0011018	0.0011018	0.0011018	0.0011018	0.0011018	0.001103273056
0.008541205947	0.0012947	0.0011648	0.0011241	0.0011201	0.0011201	0.0011201	0.0011201	0.0011201	0.0011201	0.001121617659
0.008556316736	0.0013128	0.0011831	0.0011422	0.0011387	0.0011387	0.0011387	0.0011387	0.0011387	0.0011387	0.00114019102
0.008571427524	0.0013312	0.0012016	0.0011605	0.0011574	0.0011574	0.0011574	0.0011574	0.0011574	0.0011574	0.001158993153
0.008586538312	0.0013499	0.0012204	0.0011791	0.0011764	0.0011764	0.0011764	0.0011764	0.0011764	0.0011764	0.001178024005
0.008601649101	0.0013688	0.0012395	0.001198	0.0011956	0.0011956	0.0011956	0.0011956	0.0011956	0.0011956	0.00119728429
0.008616759889	0.001388	0.0012588	0.0012171	0.0012151	0.0012151	0.0012151	0.0012151	0.0012151	0.0012151	0.0012167723
0.008631870678	0.0014074	0.0012779	0.0012365	0.0012348	0.0012348	0.0012348	0.0012348	0.0012348	0.0012348	0.001236489792
0.008646981466	0.0014259	0.0012962	0.0012561	0.0012547	0.0012547	0.0012547	0.0012547	0.0012547	0.0012547	0.001256435588
0.008662092255	0.0014434	0.0013147	0.001276	0.0012748	0.0012748	0.0012748	0.0012748	0.0012748	0.0012748	0.001276609762
0.008677203043	0.0014612	0.0013336	0.0012961	0.0012952	0.0012952	0.0012952	0.0012952	0.0012952	0.0012952	0.001297012759
0.008692313831	0.0014793	0.0013527	0.0013165	0.0013158	0.0013158	0.0013158	0.0013158	0.0013158	0.0013158	0.001317644651
0.00870742462	0.0014976	0.0013721	0.0013371	0.0013366	0.0013366	0.0013366	0.0013366	0.0013366	0.0013366	0.001338505388
0.008722535408	0.0015163	0.0013917	0.001358	0.0013576	0.0013576	0.0013576	0.0013576	0.0013576	0.0013576	0.001359595471
0.008737646197	0.0015352	0.0014117	0.0013792	0.0013789	0.0013789	0.0013789	0.0013789	0.0013789	0.0013789	0.001380913428
0.008752756985	0.0015544	0.0014319	0.0014006	0.0014004	0.0014004	0.0014004	0.0014004	0.0014004	0.0014004	0.00140246122
0.008767867774	0.0015739	0.0014524	0.0014222	0.0014221	0.0014221	0.0014221	0.0014221	0.0014221	0.0014221	0.001424236325
0.008782978562	0.0015936	0.0014731	0.0014441	0.0014441	0.0014441	0.0014441	0.0014441	0.0014441	0.0014441	0.001446242488
0.00879808935	0.0016137	0.0014942	0.0014663	0.0014663	0.0014663	0.0014663	0.0014663	0.0014663	0.0014663	0.001468474156
0.008813200139	0.001634	0.0015155	0.0014887	0.0014887	0.0014887	0.0014887	0.0014887	0.0014887	0.0014887	0.001490946308
0.008828310927	0.0016546	0.0015371	0.0015114	0.0015114	0.0015114	0.0015114	0.0015114	0.0015114	0.0015114	0.001513670454
0.008843421716	0.0016754	0.001559	0.0015343	0.0015343	0.0015343	0.0015343	0.0015343	0.0015343	0.0015343	0.001536649402
0.008858532504	0.0016966	0.0015811	0.0015575	0.0015575	0.0015575	0.0015575	0.0015575	0.0015575	0.0015575	0.001559883134
0.008873643293	0.001718	0.0016036	0.0015809	0.0015809	0.0015809	0.0015809	0.0015809	0.0015809	0.0015809	0.0015833716
0.008888754081	0.0017398	0.0016263	0.0016046	0.0016046	0.0016046	0.0016046	0.0016046	0.0016046	0.0016046	0.001607114951
0.008903864869	0.0017618	0.0016492	0.0016286	0.0016286	0.0016286	0.0016286	0.0016286	0.0016286	0.0016286	0.001631113045
0.008918975658	0.001784	0.0016725	0.0016528	0.0016528	0.0016528	0.0016528	0.0016528	0.0016528	0.0016528	0.001655366481
0.008934086446	0.0018066	0.001696	0.0016772	0.0016772	0.0016772	0.0016772	0.0016772	0.0016772	0.0016772	0.001679874871
0.008949197235	0.0018295	0.0017198	0.0017019	0.0017019	0.0017019	0.0017019	0.0017019	0.0017019	0.0017019	0.001704638114
0.008964308023	0.0018526	0.0017439	0.0017269	0.0017269	0.0017269	0.0017269	0.0017269	0.0017269	0.0017269	0.001729656001
0.008979418812	0.001876	0.0017683	0.0017521	0.0017521	0.0017521	0.0017521	0.0017521	0.0017521	0.0017521	0.001754928928
0.0089945296	0.0018997	0.0017929	0.0017776	0.0017776	0.0017776	0.0017776	0.0017776	0.0017776	0.0017776	0.001780456528
0.009009640389	0.0019236	0.0018178	0.0018033	0.0018033	0.0018033	0.0018033	0.0018033	0.0018033	0.0018033	0.001806238963
0.009024751177	0.0019479	0.001843	0.0018293	0.0018293	0.0018293	0.0018293	0.0018293	0.0018293	0.0018293	0.001832276234
0.009039861965	0.0019724	0.0018685	0.0018555	0.0018555	0.0018555	0.0018555	0.0018555	0.0018555	0.0018555	0.001858568344
0.009054972754	0.0019972	0.0018942	0.001882	0.001882	0.001882	0.001882	0.001882	0.001882	0.001882	0.001885115336
0.009070083542	0.0020223	0.0019202	0.0019087	0.0019087	0.0019087	0.0019087	0.0019087	0.0019087	0.0019087	0.001911917172
0.009085194331	0.0020477	0.0019465	0.0019357	0.0019357	0.0019357	0.0019357	0.0019357	0.0019357	0.0019357	0.0019389739
0.009100305119	0.0020733	0.0019731	0.001963	0.001963	0.001963	0.001963	0.001963	0.001963	0.001963	0.001966285475
0.009115415908	0.0020992	0.002	0.0019905	0.0019905	0.0019905	0.0019905	0.0019905	0.0019905	0.0019905	0.001993851869
0.009130526696	0.0021254	0.0020271	0.0020183	0.0020183	0.0020183	0.0020183	0.0020183	0.0020183	0.0020183	0.002021673088
0.009145637484	0.0021519	0.0020545	0.0020463	0.0020463	0.0020463	0.0020463	0.0020463	0.0020463	0.0020463	0.002049749139
0.009160748273	0.0021787	0.0020822	0.0020745	0.0020745	0.0020745	0.0020745	0.0020745	0.0020745	0.0020745	0.002078080029
0.009175859061	0.0022058	0.0021101	0.0021031	0.0021031	0.0021031	0.0021031	0.0021031	0.0021031	0.0021031	0.002106665762
0.00919096985	0.0022331	0.0021383	0.0021318	0.0021318	0.0021318	0.0021318	0.0021318	0.0021318	0.0021318	0.002135506344
0.009206080638	0.0022607	0.0021669	0.0021609	0.0021609	0.0021609	0.0021609	0.0021609	0.0021609	0.0021609	0.002164601713
0.009221191427	0.0022886	0.0021956	0.0021902	0.0021902	0.0021902	0.0021902	0.0021902	0.0021902	0.0021902	0.00219395528
0.009236302215	0.0023168	0.0022247	0.0022197	0.0022197	0.0022197	0.0022197	0.0022197	0.0022197	0.0022197	0.002223557132
0.009251413003	0.0023452	0.002254	0.0022495	0.0022495	0.0022495	0.0022495	0.0022495	0.0022495	0.0022495	0.002253417303
0.009266523792	0.002374	0.0022836	0.0022795	0.0022795	0.0022795	0.0022795	0.0022795	0.0022795	0.0022795	0.002283532493
0.00928163458	0.002403	0.0023135	0.0023098	0.0023098	0.0023098	0.0023098	0.0023098	0.0023098	0.0023098	0.002313902569
0.009296745369	0.0024323	0.0023437	0.0023404	0.0023404	0.0023404	0.0023404	0.0023404	0.0023404	0.0023404	0.002344527488
0.009311856157	0.0024618	0.0023741	0.0023712	0.0023712	0.0023712	0.0023712	0.0023712	0.0023712	0.0023712	0.002375407218
0.009326966946	0.0024917	0.0024048	0.0024023	0.0024023	0.0024023	0.0024023	0.0024023	0.0024023	0.0024023	0.002406541738
0.009342077734	0.0025218	0.0024358	0.0024336	0.0024336	0.0024336	0.0024336	0.0024336	0.0024336	0.0024336	0.002437931038
0.009357188522	0.0025523	0.0024671	0.0024652	0.0024652	0.0024652	0.0024652	0.0024652	0.0024652	0.0024652	0.002469575139
0.009372299311	0.002583	0.0024987	0.002497	0.002497	0.002497	0.002497	0.002497	0.002497	0.002497	0.002501474081
0.009387410099	0.0026139	0.0025305	0.0025291	0.0025291	0.0025291	0.0025291	0.0025291	0.0025291	0.0025291	0.002533627807
0.009402520888	0.0026452	0.0025626	0.0025614	0.0025614	0.0025614	0.0025614	0.0025614	0.0025614	0.0025614	0.002566036318
0.009417631676	0.0026767	0.002595	0.002594	0.002594	0.002594	0.002594	0.002594	0.002594	0.002594	0.002598699618
0.009432742465	0.0027086	0.0026276	0.0026268	0.0026268	0.0026268	0.0026268	0.0026268	0.0026268	0.0026268	0.002631617722
0.009447853253	0.0027407	0.0026605	0.0026599	0.0026599	0.0026599	0.0026599	0.0026599	0.0026599	0.0026599	0.002664790649
0.009462964041	0.002773	0.0026937	0.0026933	0.0026933	0.0026933	0.0026933	0.0026933	0.0026933	0.0026933	0.002698218443
0.00947807483	0.0028057	0.0027272	0.0027269	0.0027269	0.0027269	0.0027269	0.0027269	0.0027269	0.0027269	0.00273190112
0.009493185618	0.0028386	0.002761	0.0027608	0.0027608	0.0027608	0.0027608	0.0027608	0.0027608	0.0027608	0.0027658387
0.009508296407	0.0028719	0.002795	0.0027949	0.0027949	0.0027949	0.0027949	0.0027949	0.0027949	0.0027949	0.002800031993
0.009523407195	0.0029054	0.0028293	0.0028293	0.0028293	0.0028293	0.0028293	0.0028293	0.0028293	0.0028293	0.002834479193
0.009538517984	0.0029392	0.0028639	0.0028639	0.0028639	0.0028639	0.0028639	0.0028639	0.0028639	0.0028639	0.002869181287
0.009553628772	0.0029732	0.0028988	0.0028988	0.0028988	0.0028988	0.0028988	0.0028988	0.0028988	0.0028988	0.002904139664
0.009568739561	0.0030076	0.0029339	0.0029339	0.0029339	0.0029339	0.0029339	0.0029339	0.0029339	0.0029339	0.002939362846
0.009583850349	0.0030422	0.0029693	0.0029693	0.0029693	0.0029693	0.0029693	0.0029693	0.0029693	0.0029693	0.002974862982
0.009598961137	0.0030771	0.003005	0.003005	0.003005	0.003005	0.003005	0.003005	0.003005	0.003005	0.003010640135
0.009614071926	0.0031123	0.003041	0.003041	0.003041	0.003041	0.003041	0.003041	0.003041	0.003041	0.00304669429
0.009629182714	0.0031478	0.0030772	0.0030772	0.0030772	0.0030772	0.0030772	0.0030772	0.0030772	0.0030772	0.003083025445
0.009644293503	0.0031835	0.0031137	0.0031137	0.0031137	0.0031137	0.0031137	0.0031137	0.0031137	0.0031137	0.003119633599
0.009659404291	0.0032195	0.0031505	0.0031505	0.0031505	0.0031505	0.0031505	0.0031505	0.0031505	0.0031505	0.003156518754
0.00967451508	0.0032558	0.0031876	0.0031876	0.0031876	0.0031876	0.0031876	0.0031876	0.0031876	0.0031876	0.003193680907
0.009689625868	0.0032924	0.0032249	0.0032249	0.0032249	0.0032249	0.0032249	0.0032249	0.0032249	0.0032249	0.00323112006
0.009704736656	0.0033293	0.0032626	0.0032626	0.0032626	0.0032626	0.0032626	0.0032626	0.0032626	0.0032626	0.003268836212
0.009719847445	0.0033665	0.0033005	0.0033005	0.0033005	0.0033005	0.0033005	0.0033005	0.0033005	0.0033005	0.003306829362
0.009734958233	0.0034039	0.0033386	0.0033386	0.0033386	0.0033386	0.0033386	0.0033386	0.0033386	0.0033386	0.00334509951
0.009750069022	0.0034416	0.0033771	0.0033771	0.0033771	0.0033771	0.0033771	0.0033771	0.0033771	0.0033771	0.003383646655
0.00976517981	0.0034796	0.0034158	0.0034158	0.0034158	0.0034158	0.0034158	0.0034158	0.0034158	0.0034158	0.003422470797
0.009780290599	0.0035179	0.0034548	0.0034548	0.0034548	0.0034548	0.0034548	0.0034548	0.0034548	0.0034548	0.003461571936
0.009795401387	0.0035564	0.0034941	0.0034941	0.0034941	0.0034941	0.0034941	0.0034941	0.0034941	0.0034941	0.00350095007
0.009810512175	0.0035953	0.0035337	0.0035337	0.0035337	0.0035337	0.0035337	0.0035337	0.0035337	0.0035337	0.003540605199
0.009825622964	0.0036344	0.0035735	0.0035735	0.0035735	0.0035735	0.0035735	0.0035735	0.0035735	0.0035735	0.003580537322
0.009840733752	0.0036738	0.0036136	0.0036136	0.0036136	0.0036136	0.0036136	0.0036136	0.0036136	0.0036136	0.003620746438
0.009855844541	0.0037131	0.003654	0.003654	0.003654	0.003654	0.003654	0.003654	0.003654	0.003654	0.003661232547
0.009870955329	0.0037523	0.0036947	0.0036947	0.0036947	0.0036947	0.0036947	0.0036947	0.0036947	0.0036947	0.003701995646
0.009886066118	0.0037918	0.0037356	0.0037356	0.0037356	0.0037356	0.0037356	0.0037356	0.0037356	0.0037356	0.003743035735
0.009901176906	0.0038316	0.0037768	0.0037768	0.0037768	0.0037768	0.0037768	0.0037768	0.0037768	0.0037768	0.003784352814
0.009916287694	0.0038717	0.0038183	0.0038183	0.0038183	0.0038183	0.0038183	0.0038183	0.0038183	0.0038183	0.003825946879
0.009931398483	0.0039121	0.0038601	0.0038601	0.0038601	0.0038601	0.0038601	0.0038601	0.0038601	0.0038601	0.003867817932
0.009946509271	0.0039528	0.0039021	0.0039021	0.0039021	0.0039021	0.0039021	0.0039021	0.0039021	0.0039021	0.003909965968
0.00996162006	0.0039938	0.0039445	0.0039445	0.0039445	0.0039445	0.0039445	0.0039445	0.0039445	0.0039445	0.003952390988
0.009976730848	0.0040351	0.0039871	0.0039871	0.0039871	0.0039871	0.0039871	0.0039871	0.0039871	0.0039871	0.00399509299
0.009991841637	0.0040766	0.0040299	0.0040299	0.0040299	0.0040299	0.0040299	0.0040299	0.0040299	0.0040299	0.00403807197
0.01000695243	0.0041185	0.0040731	0.0040731	0.0040731	0.0040731	0.0040731	0.0040731	0.0040731	0.0040731	0.004081327925
0.01002206321	0.0041606	0.0041165	0.0041165	0.0041165	0.0041165	0.0041165	0.0041165	0.0041165	0.0041165	0.004124860862
0.010037174	0.0042031	0.0041602	0.0041602	0.0041602	0.0041602	0.0041602	0.0041602	0.0041602	0.0041602	0.004168670925
0.01005228479	0.0042459	0.0042042	0.0042042	0.0042042	0.0042042	0.0042042	0.0042042	0.0042042	0.0042042	0.004212757982
0.01006739558	0.0042889	0.0042485	0.0042485	0.0042485	0.0042485	0.0042485	0.0042485	0.0042485	0.0042485	0.004257122032
0.01008250637	0.0043322	0.004293	0.004293	0.004293	0.004293	0.004293	0.004293	0.004293	0.004293	0.004301763076
0.01009761716	0.0043759	0.0043378	0.0043378	0.0043378	0.0043378	0.0043378	0.0043378	0.0043378	0.0043378	0.00434668114
0.01011272794	0.0044198	0.0043829	0.0043829	0.0043829	0.0043829	0.0043829	0.0043829	0.0043829	0.0043829	0.004391876388
0.01012783873	0.004464	0.0044283	0.0044283	0.0044283	0.0044283	0.0044283	0.0044283	0.0044283	0.0044283	0.004437348617
0.01014294952	0.0045085	0.0044739	0.0044739	0.0044739	0.0044739	0.0044739	0.0044739	0.0044739	0.0044739	0.004483097824
0.01015806031	0.0045533	0.0045198	0.0045198	0.0045198	0.0045198	0.0045198	0.0045198	0.0045198	0.0045198	0.004529124007
0.0101731711	0.0045984	0.004566	0.004566	0.004566	0.004566	0.004566	0.004566	0.004566	0.004566	0.004575427164
0.01018828189	0.0046438	0.0046125	0.0046125	0.0046125	0.0046125	0.0046125	0.0046125	0.0046125	0.0046125	0.004622007293
0.01020339267	0.0046895	0.0046592	0.0046592	0.0046592	0.0046592	0.0046592	0.0046592	0.0046592	0.0046592	0.004668864392
0.01021850346	0.0047355	0.0047062	0.0047062	0.0047062	0.0047062	0.0047062	0.0047062	0.0047062	0.0047062	0.004715998459
0.01023361425	0.0047818	0.0047535	0.0047535	0.0047535	0.0047535	0.0047535	0.0047535	0.0047535	0.0047535	0.004763409493
0.01024872504	0.0048284	0.0048011	0.0048011	0.0048011	0.0048011	0.0048011	0.0048011	0.0048011	0.0048011	0.004811097491
0.01026383583	0.0048752	0.0048489	0.0048489	0.0048489	0.0048489	0.0048489	0.0048489	0.0048489	0.0048489	0.004859062451
0.01027894662	0.0049224	0.0048971	0.0048971	0.0048971	0.0048971	0.0048971	0.0048971	0.0048971	0.0048971	0.004907304371
0.01029405741	0.0049699	0.0049455	0.0049455	0.0049455	0.0049455	0.0049455	0.0049455	0.0049455	0.0049455	0.004955823246
0.01030916819	0.0050176	0.0049941	0.0049941	0.0049941	0.0049941	0.0049941	0.0049941	0.0049941	0.0049941	0.005004619071
0.01032427898	0.0050656	0.0050431	0.0050431	0.0050431	0.0050431	0.0050431	0.0050431	0.0050431	0.0050431	0.005053691841
0.01033938977	0.005114	0.0050923	0.0050923	0.0050923	0.0050923	0.0050923	0.0050923	0.0050923	0.0050923	0.005103041756
0.01035450056	0.0051626	0.0051418	0.0051418	0.0051418	0.0051418	0.0051418	0.0051418	0.0051418	0.0051418	0.0051526689
0.01036961135	0.0052116	0.0051916	0.0051916	0.0051916	0.0051916	0.0051916	0.0051916	0.0051916	0.0051916	0.005202573002
0.01038472214	0.0052608	0.0052417	0.0052417	0.0052417	0.0052417	0.0052417	0.0052417	0.0052417	0.0052417	0.005252754062
0.01039983292	0.0053103	0.005292	0.005292	0.005292	0.005292	0.005292	0.005292	0.005292	0.005292	0.00530321208
0.01041494371	0.0053601	0.0053426	0.0053426	0.0053426	0.0053426	0.0053426	0.0053426	0.0053426	0.0053426	0.005353947056
0.0104300545	0.0054102	0.0053935	0.0053935	0.0053935	0.0053935	0.0053935	0.0053935	0.0053935	0.0053935	0.005404958988
0.01044516529	0.0054606	0.0054447	0.0054447	0.0054447	0.0054447	0.0054447	0.0054447	0.0054447	0.0054447	0.005456247873
0.01046027608	0.0055113	0.0054961	0.0054961	0.0054961	0.0054961	0.0054961	0.0054961	0.0054961	0.0054961	0.005507813709
0.01047538687	0.0055623	0.0055478	0.0055478	0.0055478	0.0055478	0.0055478	0.0055478	0.0055478	0.0055478	0.005559656583
0.01049049765	0.0056136	0.0055998	0.0055998	0.0055998	0.0055998	0.0055998	0.0055998	0.0055998	0.0055998	0.005611776342
0.01050560844	0.0056652	0.0056521	0.0056521	0.0056521	0.0056521	0.0056521	0.0056521	0.0056521	0.0056521	0.005664173362
0.01052071923	0.005717	0.0057047	0.0057047	0.0057047	0.0057047	0.0057047	0.0057047	0.0057047	0.0057047	0.00571684737
0.01053583002	0.0057692	0.0057575	0.0057575	0.0057575	0.0057575	0.0057575	0.0057575	0.0057575	0.0057575	0.005769798357
0.01055094081	0.0058216	0.0058106	0.0058106	0.0058106	0.0058106	0.0058106	0.0058106	0.0058106	0.0058106	0.005823026305
0.0105660516	0.0058744	0.005864	0.005864	0.005864	0.005864	0.005864	0.005864	0.005864	0.005864	0.005876531171
0.01058116239	0.0059274	0.0059176	0.0059176	0.0059176	0.0059176	0.0059176	0.0059176	0.0059176	0.0059176	0.005930313184
0.01059627317	0.0059808	0.0059715	0.0059715	0.0059715	0.0059715	0.0059715	0.0059715	0.0059715	0.0059715	0.005984372211
0.01061138396	0.0060344	0.0060257	0.0060257	0.0060257	0.0060257	0.0060257	0.0060257	0.0060257	0.0060257	0.006038708245
0.01062649475	0.0060884	0.0060802	0.0060802	0.0060802	0.0060802	0.0060802	0.0060802	0.0060802	0.0060802	0.006093321276
0.01064160554	0.0061426	0.006135	0.006135	0.006135	0.006135	0.006135	0.006135	0.006135	0.006135	0.006148211307
0.01065671633	0.0061971	0.00619	0.00619	0.00619	0.00619	0.00619	0.00619	0.00619	0.00619	0.006203378344
0.01067182712	0.0062519	0.0062453	0.0062453	0.0062453	0.0062453	0.0062453	0.0062453	0.0062453	0.0062453	0.006258822378
0.0106869379	0.006307	0.0063009	0.0063009	0.0063009	0.0063009	0.0063009	0.0063009	0.0063009	0.0063009	0.006314543407
0.01070204869	0.0063624	0.0063568	0.0063568	0.0063568	0.0063568	0.0063568	0.0063568	0.0063568	0.0063568	0.006370541442
0.01071715948	0.0064181	0.0064129	0.0064129	0.0064129	0.0064129	0.0064129	0.0064129	0.0064129	0.0064129	0.006426816472
0.01073227027	0.0064741	0.0064693	0.0064693	0.0064693	0.0064693	0.0064693	0.0064693	0.0064693	0.0064693	0.006483368511
0.01074738106	0.0065304	0.006526	0.006526	0.006526	0.006526	0.006526	0.006526	0.006526	0.006526	0.006540197567
0.01076249185	0.006587	0.006583	0.006583	0.006583	0.006583	0.006583	0.006583	0.006583	0.006583	0.006597303622
0.01077760264	0.0066439	0.0066402	0.0066402	0.0066402	0.0066402	0.0066402	0.0066402	0.0066402	0.0066402	0.006654686717
0.01079271342	0.006701	0.0066977	0.0066977	0.0066977	0.0066977	0.0066977	0.0066977	0.0066977	0.0066977	0.006712346808
0.01080782421	0.0067585	0.0067555	0.0067555	0.0067555	0.0067555	0.0067555	0.0067555	0.0067555	0.0067555	0.006770283868
0.010822935	0.0068162	0.0068136	0.0068136	0.0068136	0.0068136	0.0068136	0.0068136	0.0068136	0.0068136	0.006828497841
0.01083804579	0.0068743	0.006872	0.006872	0.006872	0.006872	0.006872	0.006872	0.006872	0.006872	0.00688698935
0.01085315658	0.0069326	0.0069306	0.0069306	0.0069306	0.0069306	0.0069306	0.0069306	0.0069306	0.0069306	0.00694575693
0.01086826737	0.0069913	0.0069895	0.0069895	0.0069895	0.0069895	0.0069895	0.0069895	0.0069895	0.0069895	0.007004801925
0.01088337815	0.0070502	0.0070487	0.0070487	0.0070487	0.0070487	0.0070487	0.0070487	0.0070487	0.0070487	0.007064124183
0.01089848894	0.0071094	0.0071081	0.0071081	0.0071081	0.0071081	0.0071081	0.0071081	0.0071081	0.0071081	0.007123722993
0.01091359973	0.007169	0.0071679	0.0071679	0.0071679	0.0071679	0.0071679	0.0071679	0.0071679	0.0071679	0.007183599891
0.01092871052	0.0072288	0.0072279	0.0072279	0.0072279	0.0072279	0.0072279	0.0072279	0.0072279	0.0072279	0.00724375226
0.01094382131	0.0072889	0.0072881	0.0072881	0.0072881	0.0072881	0.0072881	0.0072881	0.0072881	0.0072881	0.007304182209
0.0109589321	0.0073493	0.0073487	0.0073487	0.0073487	0.0073487	0.0073487	0.0073487	0.0073487	0.0073487	0.007364890227
0.01097404288	0.00741	0.0074095	0.0074095	0.0074095	0.0074095	0.0074095	0.0074095	0.0074095	0.0074095	0.007425873443
0.01098915367	0.007471	0.0074707	0.0074707	0.0074707	0.0074707	0.0074707	0.0074707	0.0074707	0.0074707	0.007487134559
0.01100426446	0.0075323	0.007532	0.007532	0.007532	0.007532	0.007532	0.007532	0.007532	0.007532	0.007548672464
0.01101937525	0.0075939	0.0075939	0.0075939	0.0075939	0.0075939	0.0075939	0.0075939	0.0075939	0.0075939	0.007610487354
0.01103448604	0.0076557	0.0076557	0.0076557	0.0076557	0.0076557	0.0076557	0.0076557	0.0076557	0.0076557	0.007672579631
0.01104959683	0.0077179	0.0077179	0.0077179	0.0077179	0.0077179	0.0077179	0.0077179	0.0077179	0.0077179	0.007734949423
0.01106470762	0.0077804	0.0077804	0.0077804	0.0077804	0.0077804	0.0077804	0.0077804	0.0077804	0.0077804	0.007797594537
0.0110798184	0.0078431	0.0078431	0.0078431	0.0078431	0.0078431	0.0078431	0.0078431	0.0078431	0.0078431	0.00786051917
0.01109492919	0.0079062	0.0079062	0.0079062	0.0079062	0.0079062	0.0079062	0.0079062	0.0079062	0.0079062	0.007923735914
0.01111003998	0.0079695	0.0079695	0.0079695	0.0079695	0.0079695	0.0079695	0.0079695	0.0079695	0.0079695	0.007987247695
0.01112515077	0.0080332	0.0080332	0.0080332	0.0080332	0.0080332	0.0080332	0.0080332	0.0080332	0.0080332	0.008051054511
0.01114026156	0.0080971	0.0080971	0.0080971	0.0080971	0.0080971	0.0080971	0.0080971	0.0080971	0.0080971	0.008115156364
0.01115537235	0.0081613	0.0081613	0.0081613	0.0081613	0.0081613	0.0081613	0.0081613	0.0081613	0.0081613	0.008179553252
0.01117048313	0.0082259	0.0082259	0.0082259	0.0082259	0.0082259	0.0082259	0.0082259	0.0082259	0.0082259	0.008244245177
0.01118559392	0.0082907	0.0082907	0.0082907	0.0082907	0.0082907	0.0082907	0.0082907	0.0082907	0.0082907	0.008309232137
0.01120070471	0.0083558	0.0083558	0.0083558	0.0083558	0.0083558	0.0083558	0.0083558	0.0083558	0.0083558	0.008374514135
0.0112158155	0.0084212	0.0084212	0.0084212	0.0084212	0.0084212	0.0084212	0.0084212	0.0084212	0.0084212	0.008440095523
0.01123092629	0.0084869	0.0084869	0.0084869	0.0084869	0.0084869	0.0084869	0.0084869	0.0084869	0.0084869	0.008505967058
0.01124603708	0.0085529	0.0085529	0.0085529	0.0085529	0.0085529	0.0085529	0.0085529	0.0085529	0.0085529	0.008572133151
0.01126114786	0.0086192	0.0086192	0.0086192	0.0086192	0.0086192	0.0086192	0.0086192	0.0086192	0.0086192	0.008638593925
0.01127625865	0.0086858	0.0086858	0.0086858	0.0086858	0.0086858	0.0086858	0.0086858	0.0086858	0.0086858	0.008705350786
0.01129136944	0.0087527	0.0087527	0.0087527	0.0087527	0.0087527	0.0087527	0.0087527	0.0087527	0.0087527	0.008772402783
0.01130648023	0.0088198	0.0088198	0.0088198	0.0088198	0.0088198	0.0088198	0.0088198	0.0088198	0.0088198	0.008839749652
0.01132159102	0.0088873	0.0088873	0.0088873	0.0088873	0.0088873	0.0088873	0.0088873	0.0088873	0.0088873	0.00890739171
0.01133670181	0.0089551	0.0089551	0.0089551	0.0089551	0.0089551	0.0089551	0.0089551	0.0089551	0.0089551	0.008975329024
0.0113518126	0.0090231	0.0090231	0.0090231	0.0090231	0.0090231	0.0090231	0.0090231	0.0090231	0.0090231	0.009043561394
0.01136692338	0.0090915	0.0090915	0.0090915	0.0090915	0.0090915	0.0090915	0.0090915	0.0090915	0.0090915	0.00911208876
0.01138203417	0.0091601	0.0091601	0.0091601	0.0091601	0.0091601	0.0091601	0.0091601	0.0091601	0.0091601	0.009180911156
0.01139714496	0.0092291	0.0092291	0.0092291	0.0092291	0.0092291	0.0092291	0.0092291	0.0092291	0.0092291	0.009250028564
0.01141225575	0.0092983	0.0092983	0.0092983	0.0092983	0.0092983	0.0092983	0.0092983	0.0092983	0.0092983	0.009319442862
0.01142736654	0.0093678	0.0093678	0.0093678	0.0093678	0.0093678	0.0093678	0.0093678	0.0093678	0.0093678	0.009389150138
0.01144247733	0.0094376	0.0094376	0.0094376	0.0094376	0.0094376	0.0094376	0.0094376	0.0094376	0.0094376	0.009459151246
0.01145758811	0.0095078	0.0095078	0.0095078	0.0095078	0.0095078	0.0095078	0.0095078	0.0095078	0.0095078	0.009529450066
0.0114726989	0.0097243	0.0097243	0.0097243	0.0097243	0.0097243	0.0097243	0.0097243	0.0097243	0.0097243	0.009600042593
0.01148780969	0.0097243	0.0097243	0.0097243	0.0097243	0.0097243	0.0097243	0.0097243	0.0097243	0.0097243	0.009670929675
