0.003948	17	19	20	27	47	0.176756	0.354313	0.194146	0.103748	0.171038	
0.003963	17	19	20	27	47	0.174398	0.354117	0.193483	0.106152	0.171850	
0.003978	17	19	20	27	47	0.172040	0.353922	0.192820	0.108556	0.172662	
0.003993	17	19	20	27	47	0.169682	0.353726	0.192158	0.110961	0.173474	
0.004008	17	19	20	27	47	0.167323	0.353531	0.191495	0.113365	0.174285	
0.004023	17	19	20	27	47	0.164965	0.353335	0.190833	0.115770	0.175097	
0.004038	17	19	20	27	47	0.162607	0.353140	0.190170	0.118174	0.175909	
0.004053	17	19	20	27	47	0.160249	0.352944	0.189507	0.120578	0.176721	
0.004068	17	19	20	27	47	0.157890	0.352749	0.188845	0.122983	0.177533	
0.004084	17	19	20	27	47	0.155532	0.352554	0.188182	0.125387	0.178345	
0.004099	17	19	20	27	47	0.153174	0.352358	0.187520	0.127792	0.179157	
0.004114	17	19	20	27	47	0.150816	0.352163	0.186857	0.130196	0.179969	
0.004129	17	19	20	27	47	0.148458	0.351967	0.186194	0.132600	0.180780	
0.004144	17	19	20	27	47	0.146099	0.351772	0.185532	0.135005	0.181592	
0.004159	17	19	20	27	47	0.143741	0.351576	0.184869	0.137409	0.182404	
0.004174	17	19	20	27	47	0.141383	0.351381	0.184207	0.139814	0.183216	
0.004189	17	19	20	27	47	0.139025	0.351185	0.183544	0.142218	0.184028	
0.004204	17	19	20	27	47	0.136666	0.350990	0.182881	0.144622	0.184840	
0.004220	17	19	20	27	47	0.134308	0.350795	0.182219	0.147027	0.185652	
0.004235	17	19	20	27	47	0.131950	0.350599	0.181556	0.149431	0.186464	
0.004250	17	19	20	27	47	0.129592	0.350404	0.180893	0.151836	0.187275	
0.004265	17	19	20	27	47	0.127233	0.350208	0.180231	0.154240	0.188087	
0.004280	17	19	20	27	47	0.124875	0.350013	0.179568	0.156645	0.188899	
0.004295	17	19	20	27	47	0.122517	0.349817	0.178906	0.159049	0.189711	
0.004310	17	19	20	27	47	0.120159	0.349622	0.178243	0.161453	0.190523	
0.004325	17	19	20	27	47	0.117801	0.349426	0.177580	0.163858	0.191335	
0.004340	17	19	20	27	47	0.115442	0.349231	0.176918	0.166262	0.192147	
0.004356	17	19	20	27	47	0.113084	0.349036	0.176255	0.168667	0.192959	
0.004371	17	19	20	27	47	0.110726	0.348840	0.175593	0.171071	0.193770	
0.004386	17	19	20	27	47	0.108368	0.348645	0.174930	0.173475	0.194582	
0.004401	17	19	20	27	47	0.106009	0.348449	0.174267	0.175880	0.195394	
0.004416	17	19	20	27	47	0.103651	0.348254	0.173605	0.178284	0.196206	
0.004431	17	19	20	27	47	0.101293	0.348058	0.172942	0.180689	0.197018	
0.004446	17	19	20	27	47	0.098935	0.347863	0.172280	0.183093	0.197830	
0.004461	17	19	20	27	47	0.096576	0.347667	0.171617	0.185497	0.198642	
0.004476	17	19	20	27	47	0.094218	0.347472	0.170954	0.187902	0.199453	
0.004492	17	19	20	27	47	0.091860	0.347277	0.170292	0.190306	0.200265	
0.004507	17	19	20	27	47	0.089502	0.347081	0.169629	0.192711	0.201077	
0.004522	17	19	20	27	47	0.087144	0.346886	0.168967	0.195115	0.201889	
0.004537	17	19	20	27	47	0.084785	0.346690	0.168304	0.197519	0.202701	
0.004552	17	19	20	27	47	0.082427	0.346495	0.167641	0.199924	0.203513	
0.004567	17	19	20	27	47	0.080069	0.346299	0.166979	0.202328	0.204325	
0.004582	17	19	20	27	47	0.077711	0.346104	0.166316	0.204733	0.205137	
0.004597	17	19	20	27	47	0.075352	0.345908	0.165654	0.207137	0.205948	
0.004612	17	19	20	27	47	0.072994	0.345713	0.164991	0.209541	0.206760	
0.004628	5	19	20	27	47	0.110605	0.368739	0.161637	0.165563	0.193457	
0.004643	5	19	20	27	47	0.108312	0.367039	0.160335	0.169967	0.194348	
0.004658	5	19	20	27	47	0.106019	0.365339	0.159032	0.174371	0.195239	
0.004673	5	19	20	27	47	0.103726	0.363639	0.157730	0.178775	0.196130	
0.004688	5	19	20	27	47	0.101433	0.361939	0.156428	0.183180	0.197020	
0.004703	5	19	20	27	47	0.099140	0.360239	0.155125	0.187584	0.197911	
0.004718	5	19	20	27	47	0.096847	0.358539	0.153823	0.191988	0.198802	
0.004733	5	19	20	27	47	0.094554	0.356840	0.152521	0.196392	0.199693	
0.004748	5	19	20	27	47	0.092261	0.355140	0.151218	0.200797	0.200584	
0.004764	5	19	20	27	47	0.089968	0.353440	0.149916	0.205201	0.201475	
0.004779	5	19	20	27	47	0.087675	0.351740	0.148614	0.209605	0.202366	
0.004794	5	19	20	27	47	0.085383	0.350040	0.147311	0.214009	0.203256	
0.004809	10	19	20	27	47	0.103943	0.367992	0.161375	0.166581	0.200109	
0.004824	10	19	20	27	47	0.104239	0.365031	0.158798	0.171654	0.200279	
0.004839	10	19	20	27	47	0.104534	0.362069	0.156221	0.176726	0.200450	
0.004854	10	19	20	27	47	0.104830	0.359108	0.153644	0.181798	0.200620	
0.004869	10	19	20	27	47	0.105125	0.356146	0.151067	0.186871	0.200791	
0.004884	10	19	20	27	47	0.105421	0.353185	0.148490	0.191943	0.200961	
0.004900	10	19	20	27	47	0.105717	0.350223	0.145913	0.197015	0.201132	
0.004915	19	20	23	27	47	0.396623	0.185798	0.020071	0.178801	0.218707	
0.004930	19	20	23	27	47	0.394523	0.183739	0.020703	0.182409	0.218626	
0.004945	19	20	23	27	47	0.392423	0.181681	0.021334	0.186017	0.218546	
0.004960	19	20	23	27	47	0.390323	0.179623	0.021965	0.189625	0.218465	
0.004975	19	20	23	27	47	0.388223	0.177564	0.022596	0.193232	0.218384	
0.004990	19	20	23	27	47	0.386123	0.175506	0.023228	0.196840	0.218303	
0.005005	19	20	23	27	47	0.384023	0.173447	0.023859	0.200448	0.218222	
0.005020	19	20	23	27	47	0.381923	0.171389	0.024490	0.204056	0.218141	
0.005036	19	20	23	27	47	0.379823	0.169331	0.025122	0.207664	0.218061	
0.005051	19	20	23	27	47	0.377723	0.167272	0.025753	0.211272	0.217980	
0.005066	19	20	23	27	47	0.375623	0.165214	0.026384	0.214880	0.217899	
0.005081	19	20	23	27	47	0.373524	0.163155	0.027016	0.218487	0.217818	
0.005096	19	20	23	27	47	0.371424	0.161097	0.027647	0.222095	0.217737	
0.005111	19	20	23	27	47	0.369324	0.159039	0.028278	0.225703	0.217656	
0.005126	19	20	23	27	47	0.367224	0.156980	0.028909	0.229311	0.217576	
0.005141	19	20	23	27	47	0.365124	0.154922	0.029541	0.232919	0.217495	
0.005156	19	20	23	27	47	0.363024	0.152863	0.030172	0.236527	0.217414	
0.005172	19	20	23	27	47	0.360924	0.150805	0.030803	0.240134	0.217333	
0.005187	19	20	23	27	47	0.358824	0.148747	0.031435	0.243742	0.217252	
0.005202	19	20	23	27	47	0.356724	0.146688	0.032066	0.247350	0.217172	
0.005217	10	19	23	27	47	0.141332	0.409751	0.030095	0.202419	0.216403	
0.005232	10	19	23	27	47	0.141083	0.406078	0.030775	0.206357	0.215707	
0.005247	10	19	23	27	47	0.140833	0.402406	0.031455	0.210295	0.215010	
0.005262	10	19	23	27	47	0.140584	0.398734	0.032135	0.214233	0.214314	
0.005277	10	19	23	27	47	0.140334	0.395062	0.032816	0.218171	0.213618	
0.005292	10	19	23	27	47	0.140084	0.391389	0.033496	0.222109	0.212922	
0.005307	10	19	23	27	47	0.139835	0.387717	0.034176	0.226047	0.212225	
0.005323	10	19	23	27	47	0.139585	0.384045	0.034856	0.229985	0.211529	
0.005338	10	19	23	27	47	0.139335	0.380373	0.035536	0.233923	0.210833	
0.005353	10	19	23	27	47	0.139086	0.376701	0.036216	0.237861	0.210137	
0.005368	10	19	23	27	47	0.138836	0.373028	0.036896	0.241798	0.209440	
0.005383	10	19	23	27	47	0.138587	0.369356	0.037577	0.245736	0.208744	
0.005398	10	19	23	27	47	0.138337	0.365684	0.038257	0.249674	0.208048	
0.005413	10	19	23	27	47	0.138087	0.362012	0.038937	0.253612	0.207352	
0.005428	10	19	23	27	47	0.137838	0.358340	0.039617	0.257550	0.206655	
0.005443	10	19	23	27	47	0.137588	0.354667	0.040297	0.261488	0.205959	
0.005459	10	19	23	27	47	0.137339	0.350995	0.040977	0.265426	0.205263	
0.005474	10	19	23	27	47	0.137089	0.347323	0.041657	0.269364	0.204567	
0.005489	19	23	27	29	47	0.424281	0.031971	0.231416	0.092722	0.219610	
0.005504	19	23	27	29	47	0.420883	0.032465	0.233915	0.094563	0.218174	
0.005519	19	23	27	29	47	0.417486	0.032959	0.236414	0.096404	0.216738	
0.005534	19	23	27	29	47	0.414088	0.033453	0.238912	0.098245	0.215301	
0.005549	19	23	27	29	47	0.410690	0.033948	0.241411	0.100086	0.213865	
0.005564	19	23	27	29	47	0.407293	0.034442	0.243910	0.101927	0.212429	
0.005579	19	23	27	29	47	0.403895	0.034936	0.246409	0.103767	0.210992	
0.005595	19	23	27	29	47	0.400497	0.035430	0.248908	0.105608	0.209556	
0.005610	19	23	27	29	47	0.397100	0.035924	0.251407	0.107449	0.208119	
0.005625	19	23	27	29	47	0.393702	0.036419	0.253906	0.109290	0.206683	
0.005640	19	23	27	29	47	0.390304	0.036913	0.256405	0.111131	0.205247	
0.005655	19	23	27	29	47	0.386907	0.037407	0.258904	0.112972	0.203810	
0.005670	19	23	27	29	47	0.383509	0.037901	0.261403	0.114813	0.202374	
0.005685	19	23	27	29	47	0.380111	0.038395	0.263902	0.116654	0.200938	
0.005700	19	23	27	29	47	0.376714	0.038890	0.266401	0.118494	0.199501	
0.005715	19	23	27	29	47	0.373316	0.039384	0.268900	0.120335	0.198065	
0.005731	19	23	27	29	47	0.369918	0.039878	0.271399	0.122176	0.196628	
0.005746	19	23	27	29	47	0.366521	0.040372	0.273898	0.124017	0.195192	
0.005761	19	23	27	29	47	0.363123	0.040866	0.276397	0.125858	0.193756	
0.005776	19	23	27	29	47	0.359725	0.041361	0.278896	0.127699	0.192319	
0.005791	19	23	27	29	47	0.356328	0.041855	0.281395	0.129540	0.190883	
0.005806	19	23	27	29	47	0.352930	0.042349	0.283894	0.131380	0.189447	
0.005821	19	23	27	29	47	0.349533	0.042843	0.286393	0.133221	0.188010	
0.005836	19	23	27	29	47	0.346135	0.043338	0.288892	0.135062	0.186574	
0.005851	19	23	27	29	47	0.342737	0.043832	0.291391	0.136903	0.185137	
0.005867	19	23	27	29	47	0.339340	0.044326	0.293890	0.138744	0.183701	
0.005882	19	23	27	29	47	0.335942	0.044820	0.296389	0.140585	0.182265	
0.005897	19	23	27	29	47	0.332544	0.045314	0.298887	0.142426	0.180828	
0.005912	19	23	27	29	47	0.329147	0.045809	0.301386	0.144266	0.179392	
0.005927	19	23	27	29	47	0.325749	0.046303	0.303885	0.146107	0.177956	
0.005942	19	23	27	29	47	0.322351	0.046797	0.306384	0.147948	0.176519	
0.005957	19	23	27	29	47	0.318954	0.047291	0.308883	0.149789	0.175083	
0.005972	19	23	27	29	47	0.315556	0.047785	0.311382	0.151630	0.173646	
0.005987	19	23	27	29	47	0.312158	0.048280	0.313881	0.153471	0.172210	
0.006003	19	23	27	29	47	0.308761	0.048774	0.316380	0.155312	0.170774	
0.006018	19	23	27	29	47	0.305363	0.049268	0.318879	0.157153	0.169337	
0.006033	19	23	27	29	47	0.301965	0.049762	0.321378	0.158993	0.167901	
0.006048	19	23	27	29	47	0.298568	0.050256	0.323877	0.160834	0.166465	
0.006063	19	23	27	29	47	0.295170	0.050751	0.326376	0.162675	0.165028	
0.006078	19	23	27	29	47	0.291772	0.051245	0.328875	0.164516	0.163592	
0.006093	19	23	27	29	47	0.288375	0.051739	0.331374	0.166357	0.162156	
0.006108	19	23	27	29	47	0.284977	0.052233	0.333873	0.168198	0.160719	
0.006123	19	23	27	29	47	0.281579	0.052727	0.336372	0.170039	0.159283	
0.006139	19	23	27	29	47	0.278182	0.053222	0.338871	0.171879	0.157846	
0.006154	19	23	27	29	47	0.274784	0.053716	0.341370	0.173720	0.156410	
0.006169	19	23	27	29	47	0.271386	0.054210	0.343869	0.175561	0.154974	
0.006184	19	23	27	29	47	0.267989	0.054704	0.346368	0.177402	0.153537	
0.006199	19	23	27	29	47	0.264591	0.055199	0.348867	0.179243	0.152101	
0.006214	19	23	27	29	47	0.261193	0.055693	0.351366	0.181084	0.150665	
0.006229	19	23	27	29	47	0.257796	0.056187	0.353865	0.182925	0.149228	
0.006244	19	23	27	29	47	0.254398	0.056681	0.356364	0.184766	0.147792	
0.006259	19	23	27	29	47	0.251000	0.057175	0.358862	0.186606	0.146355	
0.006275	19	23	27	29	47	0.247603	0.057670	0.361361	0.188447	0.144919	
0.006290	19	23	27	29	47	0.244205	0.058164	0.363860	0.190288	0.143483	
0.006305	19	23	27	29	47	0.240807	0.058658	0.366359	0.192129	0.142046	
0.006320	19	23	27	29	47	0.237410	0.059152	0.368858	0.193970	0.140610	
0.006335	19	23	27	29	47	0.234012	0.059646	0.371357	0.195811	0.139174	
0.006350	19	23	27	29	47	0.230614	0.060141	0.373856	0.197652	0.137737	
0.006365	19	23	27	29	47	0.227217	0.060635	0.376355	0.199492	0.136301	
0.006380	19	23	27	29	47	0.223819	0.061129	0.378854	0.201333	0.134864	
0.006395	19	23	27	29	47	0.220421	0.061623	0.381353	0.203174	0.133428	
0.006411	19	23	27	29	47	0.217024	0.062117	0.383852	0.205015	0.131992	
0.006426	19	23	27	29	47	0.213626	0.062612	0.386351	0.206856	0.130555	
0.006441	8	19	23	27	29	0.078256	0.292691	0.060407	0.387783	0.180862	
0.006456	8	19	23	27	29	0.078722	0.288235	0.060900	0.390003	0.182141	
0.006471	8	19	23	27	29	0.079187	0.283779	0.061392	0.392223	0.183420	
0.006486	8	19	23	27	29	0.079652	0.279322	0.061884	0.394442	0.184699	
0.006501	8	19	23	27	29	0.080117	0.274866	0.062377	0.396662	0.185978	
0.006516	8	19	23	27	29	0.080583	0.270409	0.062869	0.398882	0.187257	
0.006531	8	19	23	27	29	0.081048	0.265953	0.063362	0.401102	0.188536	
0.006547	8	19	23	27	29	0.081513	0.261496	0.063854	0.403322	0.189815	
0.006562	18	19	23	27	29	0.149101	0.261198	0.056567	0.334868	0.198266	
0.006577	18	19	23	27	29	0.150733	0.256742	0.056964	0.336220	0.199341	
0.006592	18	19	23	27	29	0.152365	0.252285	0.057361	0.337572	0.200417	
0.006607	18	19	23	27	29	0.153998	0.247828	0.057758	0.338924	0.201492	
0.006622	18	19	23	27	29	0.155630	0.243372	0.058155	0.340275	0.202568	
0.006637	18	19	23	27	29	0.157262	0.238915	0.058552	0.341627	0.203643	
0.006652	18	19	23	27	29	0.158895	0.234458	0.058949	0.342979	0.204718	
0.006667	18	19	23	27	29	0.160527	0.230002	0.059346	0.344331	0.205794	
0.006683	18	19	23	27	29	0.162159	0.225545	0.059743	0.345683	0.206869	
0.006698	18	19	23	27	29	0.163792	0.221088	0.060140	0.347035	0.207945	
0.006713	18	19	23	27	29	0.165424	0.216632	0.060537	0.348387	0.209020	
0.006728	18	19	23	27	29	0.167056	0.212175	0.060934	0.349739	0.210096	
0.006743	18	19	23	27	29	0.168689	0.207718	0.061331	0.351091	0.211171	
0.006758	18	19	23	27	29	0.170321	0.203262	0.061728	0.352443	0.212246	
0.006773	18	19	23	27	29	0.171954	0.198805	0.062125	0.353795	0.213322	
0.006788	18	19	23	27	29	0.173586	0.194349	0.062522	0.355147	0.214397	
0.006803	18	19	23	27	29	0.175218	0.189892	0.062919	0.356499	0.215473	
0.006819	18	19	23	27	29	0.176851	0.185435	0.063316	0.357851	0.216548	
0.006834	18	19	23	27	29	0.178483	0.180979	0.063712	0.359203	0.217623	
0.006849	18	19	23	27	29	0.180115	0.176522	0.064109	0.360554	0.218699	
0.006864	18	19	23	27	29	0.181748	0.172065	0.064506	0.361906	0.219774	
0.006879	18	19	23	27	29	0.183380	0.167609	0.064903	0.363258	0.220850	
0.006894	18	19	23	27	29	0.185012	0.163152	0.065300	0.364610	0.221925	
0.006909	18	19	23	27	29	0.186645	0.158695	0.065697	0.365962	0.223001	
0.006924	18	19	23	27	29	0.188277	0.154239	0.066094	0.367314	0.224076	
0.006939	18	19	23	27	29	0.189909	0.149782	0.066491	0.368666	0.225151	
0.006955	10	18	23	27	29	0.188264	0.198500	0.060300	0.348242	0.204694	
0.006970	10	18	23	27	29	0.182903	0.199833	0.061086	0.349819	0.206359	
0.006985	10	18	23	27	29	0.177542	0.201167	0.061871	0.351396	0.208024	
0.007000	10	18	23	27	29	0.172181	0.202500	0.062657	0.352973	0.209689	
0.007015	10	18	23	27	29	0.166820	0.203834	0.063442	0.354550	0.211354	
0.007030	10	18	23	27	29	0.161459	0.205168	0.064228	0.356127	0.213019	
0.007045	10	18	23	27	29	0.156098	0.206501	0.065013	0.357704	0.214684	
0.007060	10	18	23	27	29	0.150737	0.207835	0.065799	0.359280	0.216349	
0.007075	10	18	23	27	29	0.145376	0.209168	0.066584	0.360857	0.218014	
0.007091	10	18	23	27	29	0.140015	0.210502	0.067370	0.362434	0.219679	
0.007106	10	18	23	27	29	0.134654	0.211836	0.068155	0.364011	0.221344	
0.007121	10	18	23	27	29	0.129293	0.213169	0.068941	0.365588	0.223008	
0.007136	10	18	23	27	29	0.123933	0.214503	0.069726	0.367165	0.224673	
0.007151	10	18	23	27	29	0.118572	0.215836	0.070512	0.368742	0.226338	
0.007166	10	18	23	27	29	0.113211	0.217170	0.071297	0.370319	0.228003	
0.007181	10	18	23	27	29	0.107850	0.218503	0.072083	0.371896	0.229668	
0.007196	10	18	23	27	29	0.102489	0.219837	0.072868	0.373472	0.231333	
0.007211	10	18	23	27	29	0.097128	0.221171	0.073654	0.375049	0.232998	
0.007227	10	18	23	27	29	0.091767	0.222504	0.074439	0.376626	0.234663	
0.007242	10	18	23	27	29	0.086406	0.223838	0.075225	0.378203	0.236328	
0.007257	10	18	23	27	29	0.081045	0.225171	0.076010	0.379780	0.237993	
0.007272	10	18	23	27	29	0.075684	0.226505	0.076796	0.381357	0.239658	
0.007287	10	18	23	27	29	0.070323	0.227838	0.077581	0.382934	0.241323	
0.007302	10	18	23	27	29	0.064962	0.229172	0.078367	0.384511	0.242988	
0.007317	10	18	23	27	29	0.059601	0.230506	0.079152	0.386088	0.244653	
0.007332	18	23	27	29	39	0.199719	0.049977	0.425465	0.220413	0.104426	
0.007347	18	23	27	29	39	0.199523	0.053134	0.421089	0.220817	0.105437	
0.007363	18	23	27	29	39	0.199327	0.056291	0.416712	0.221220	0.106449	
0.007378	18	23	27	29	39	0.199131	0.059448	0.412336	0.221624	0.107460	
0.007393	18	23	27	29	39	0.198935	0.062605	0.407960	0.222028	0.108472	
0.007408	18	23	27	29	39	0.198739	0.065762	0.403583	0.222432	0.109483	
0.007423	18	23	27	29	39	0.198543	0.068920	0.399207	0.222835	0.110495	
0.007438	18	23	27	29	39	0.198347	0.072077	0.394831	0.223239	0.111506	
0.007453	18	23	27	29	39	0.198151	0.075234	0.390455	0.223643	0.112518	
0.007468	18	23	27	29	39	0.197955	0.078391	0.386078	0.224047	0.113529	
0.007483	18	23	27	29	39	0.197759	0.081548	0.381702	0.224450	0.114541	
0.007499	18	23	27	29	39	0.197563	0.084705	0.377326	0.224854	0.115552	
0.007514	18	23	27	29	39	0.197367	0.087862	0.372949	0.225258	0.116564	
0.007529	18	23	27	29	39	0.197171	0.091019	0.368573	0.225662	0.117575	
0.007544	18	23	27	29	39	0.196975	0.094176	0.364197	0.226066	0.118587	
0.007559	18	23	27	29	39	0.196779	0.097333	0.359820	0.226469	0.119598	
0.007574	18	23	27	29	39	0.196583	0.100490	0.355444	0.226873	0.120610	
0.007589	18	23	27	29	39	0.196387	0.103647	0.351068	0.227277	0.121621	
0.007604	18	23	27	29	39	0.196191	0.106804	0.346691	0.227681	0.122633	
0.007619	18	23	27	29	39	0.195995	0.109961	0.342315	0.228084	0.123644	
0.007635	18	23	27	29	39	0.195799	0.113118	0.337939	0.228488	0.124656	
0.007650	18	23	27	29	39	0.195603	0.116275	0.333563	0.228892	0.125667	
0.007665	18	23	27	29	39	0.195407	0.119432	0.329186	0.229296	0.126679	
0.007680	18	23	27	29	39	0.195211	0.122590	0.324810	0.229699	0.127690	
0.007695	18	23	27	29	39	0.195015	0.125747	0.320434	0.230103	0.128702	
0.007710	18	23	27	29	39	0.194819	0.128904	0.316057	0.230507	0.129713	
0.007725	18	23	27	29	39	0.194623	0.132061	0.311681	0.230911	0.130725	
0.007740	18	23	27	29	39	0.194427	0.135218	0.307305	0.231314	0.131736	
0.007755	18	23	27	29	39	0.194231	0.138375	0.302928	0.231718	0.132748	
0.007771	18	23	27	29	39	0.194035	0.141532	0.298552	0.232122	0.133759	
0.007786	18	23	27	29	39	0.193839	0.144689	0.294176	0.232526	0.134771	
0.007801	18	23	27	29	39	0.193643	0.147846	0.289799	0.232929	0.135782	
0.007816	18	23	27	29	39	0.193447	0.151003	0.285423	0.233333	0.136794	
0.007831	18	23	27	29	39	0.193251	0.154160	0.281047	0.233737	0.137805	
0.007846	18	23	27	29	39	0.193055	0.157317	0.276671	0.234141	0.138817	
0.007861	18	23	27	29	39	0.192859	0.160474	0.272294	0.234544	0.139828	
0.007876	18	23	27	29	39	0.192663	0.163631	0.267918	0.234948	0.140840	
0.007891	18	23	27	29	39	0.192467	0.166788	0.263542	0.235352	0.141851	
0.007907	18	23	27	29	39	0.192271	0.169945	0.259165	0.235756	0.142863	
0.007922	18	23	27	29	39	0.192075	0.173102	0.254789	0.236159	0.143874	
0.007937	18	23	27	29	39	0.191879	0.176259	0.250413	0.236563	0.144886	
0.007952	18	23	27	29	39	0.191683	0.179417	0.246036	0.236967	0.145897	
0.007967	18	23	27	29	39	0.191487	0.182574	0.241660	0.237371	0.146909	
0.007982	18	23	27	29	39	0.191291	0.185731	0.237284	0.237775	0.147920	
0.007997	18	23	27	29	39	0.191095	0.188888	0.232907	0.238178	0.148932	
0.008012	18	23	27	29	39	0.190899	0.192045	0.228531	0.238582	0.149943	
0.008027	18	23	27	29	39	0.190703	0.195202	0.224155	0.238986	0.150955	
0.008043	18	23	27	29	39	0.190507	0.198359	0.219779	0.239390	0.151966	
0.008058	18	23	27	29	39	0.190311	0.201516	0.215402	0.239793	0.152978	
0.008073	18	23	27	29	39	0.190115	0.204673	0.211026	0.240197	0.153989	
0.008088	18	23	27	29	39	0.189919	0.207830	0.206650	0.240601	0.155001	
0.008103	18	23	27	29	39	0.189723	0.210987	0.202273	0.241005	0.156012	
0.008118	18	23	27	29	39	0.189527	0.214144	0.197897	0.241408	0.157024	
0.008133	18	23	27	29	39	0.189331	0.217301	0.193521	0.241812	0.158035	
0.008148	18	23	27	29	39	0.189135	0.220458	0.189144	0.242216	0.159047	
0.008163	18	23	27	29	39	0.188939	0.223615	0.184768	0.242620	0.160058	
0.008179	18	23	27	29	39	0.188743	0.226772	0.180392	0.243023	0.161070	
0.008194	18	23	27	29	39	0.188547	0.229929	0.176015	0.243427	0.162081	
0.008209	18	23	27	29	39	0.188351	0.233087	0.171639	0.243831	0.163093	
0.008224	18	23	27	29	39	0.188155	0.236244	0.167263	0.244235	0.164104	
0.008239	18	23	27	29	39	0.187959	0.239401	0.162887	0.244638	0.165116	
0.008254	18	23	27	29	39	0.187763	0.242558	0.158510	0.245042	0.166127	
0.008269	18	23	27	29	39	0.187567	0.245715	0.154134	0.245446	0.167139	
0.008284	18	23	27	29	39	0.187371	0.248872	0.149758	0.245850	0.168150	
0.008299	18	23	27	29	39	0.187175	0.252029	0.145381	0.246253	0.169161	
0.008315	18	23	27	29	39	0.186979	0.255186	0.141005	0.246657	0.170173	
0.008330	18	23	27	29	39	0.186783	0.258343	0.136629	0.247061	0.171184	
0.008345	18	23	27	29	39	0.186587	0.261500	0.132252	0.247465	0.172196	
0.008360	18	23	27	29	39	0.186391	0.264657	0.127876	0.247868	0.173207	
0.008375	18	23	27	29	39	0.186195	0.267814	0.123500	0.248272	0.174219	
0.008390	18	23	27	29	39	0.185999	0.270971	0.119123	0.248676	0.175230	
0.008405	18	23	27	29	39	0.185803	0.274128	0.114747	0.249080	0.176242	
0.008420	18	23	27	29	39	0.185607	0.277285	0.110371	0.249484	0.177253	
0.008435	18	23	27	29	39	0.185411	0.280442	0.105995	0.249887	0.178265	
0.008451	18	23	27	29	39	0.185215	0.283599	0.101618	0.250291	0.179276	
0.008466	18	23	27	29	39	0.185019	0.286757	0.097242	0.250695	0.180288	
0.008481	18	23	27	29	39	0.184823	0.289914	0.092866	0.251099	0.181299	
0.008496	18	23	27	29	39	0.184627	0.293071	0.088489	0.251502	0.182311	
0.008511	18	23	27	29	39	0.184431	0.296228	0.084113	0.251906	0.183322	
0.008526	18	23	27	29	39	0.184235	0.299385	0.079737	0.252310	0.184334	
0.008541	18	23	27	29	39	0.184039	0.302542	0.075360	0.252714	0.185345	
0.008556	18	23	27	29	39	0.183843	0.305699	0.070984	0.253117	0.186357	
0.008571	18	23	27	29	39	0.183647	0.308856	0.066608	0.253521	0.187368	
0.008587	18	23	27	29	39	0.183451	0.312013	0.062231	0.253925	0.188380	
0.008602	18	23	27	29	39	0.183255	0.315170	0.057855	0.254329	0.189391	
0.008617	18	23	27	29	39	0.183059	0.318327	0.053479	0.254732	0.190403	
0.008632	18	23	27	29	39	0.182863	0.321484	0.049102	0.255136	0.191414	
0.008647	18	23	27	29	39	0.182667	0.324641	0.044726	0.255540	0.192426	
0.008662	18	23	27	29	39	0.182471	0.327798	0.040350	0.255944	0.193437	
0.008677	18	23	27	29	39	0.182275	0.330955	0.035974	0.256347	0.194449	
0.008692	18	23	27	29	39	0.182079	0.334112	0.031597	0.256751	0.195460	
0.008707	18	23	27	29	39	0.181883	0.337269	0.027221	0.257155	0.196472	
0.008723	18	23	27	29	39	0.181687	0.340427	0.022845	0.257559	0.197483	
0.008738	18	23	27	29	39	0.181491	0.343584	0.018468	0.257962	0.198495	
0.008753	18	23	27	29	39	0.181295	0.346741	0.014092	0.258366	0.199506	
0.008768	18	23	29	39		0.188721	0.349075	0.260447	0.201757	
0.008783	18	23	29	39		0.185092	0.352603	0.260095	0.202210	
0.008798	18	23	29	39		0.181462	0.356130	0.259744	0.202664	
0.008813	18	23	29	39		0.177833	0.359658	0.259392	0.203117	
0.008828	18	23	29	39		0.174204	0.363186	0.259040	0.203570	
0.008843	18	23	29	39		0.170575	0.366713	0.258689	0.204023	
0.008859	18	23	29	39		0.166945	0.370241	0.258337	0.204477	
0.008874	18	23	29	39		0.163316	0.373769	0.257985	0.204930	
0.008889	18	23	29	39		0.159687	0.377297	0.257633	0.205383	
0.008904	18	23	29	39		0.156057	0.380824	0.257282	0.205837	
0.008919	18	23	29	39		0.152428	0.384352	0.256930	0.206290	
0.008934	18	23	29	39		0.148799	0.387880	0.256578	0.206743	
0.008949	18	23	29	39		0.145169	0.391408	0.256227	0.207197	
0.008964	18	23	29	39		0.141540	0.394935	0.255875	0.207650	
0.008979	18	23	29	39		0.137911	0.398463	0.255523	0.208103	
0.008995	18	23	29	39		0.134281	0.401991	0.255171	0.208556	
0.009010	18	23	29	39		0.130652	0.405518	0.254820	0.209010	
0.009025	18	23	29	39		0.127023	0.409046	0.254468	0.209463	
0.009040	18	23	29	39		0.123394	0.412574	0.254116	0.209916	
0.009055	18	23	29	39		0.119764	0.416102	0.253765	0.210370	
0.009070	18	23	29	39		0.116135	0.419629	0.253413	0.210823	
0.009085	18	23	29	39		0.112506	0.423157	0.253061	0.211276	
0.009100	18	23	29	39		0.108876	0.426685	0.252709	0.211729	
0.009115	18	23	29	39		0.105247	0.430213	0.252358	0.212183	
0.009131	18	23	29	39		0.101618	0.433740	0.252006	0.212636	
0.009146	18	23	29	39		0.097988	0.437268	0.251654	0.213089	
0.009161	18	23	29	39		0.094359	0.440796	0.251303	0.213543	
0.009176	18	23	29	39		0.090730	0.444323	0.250951	0.213996	
0.009191	18	23	29	39		0.087100	0.447851	0.250599	0.214449	
0.009206	18	23	29	39		0.083471	0.451379	0.250247	0.214903	
0.009221	18	23	29	39		0.079842	0.454907	0.249896	0.215356	
0.009236	18	23	29	39		0.076213	0.458434	0.249544	0.215809	
0.009251	18	23	29	39		0.072583	0.461962	0.249192	0.216262	
0.009267	18	23	29	39		0.068954	0.465490	0.248841	0.216716	
0.009282	18	23	29	39		0.065325	0.469018	0.248489	0.217169	
0.009297	18	23	29	39		0.061695	0.472545	0.248137	0.217622	
0.009312	18	23	29	39		0.058066	0.476073	0.247785	0.218076	
0.009327	18	23	29	39		0.054437	0.479601	0.247434	0.218529	
0.009342	18	23	29	39		0.050807	0.483128	0.247082	0.218982	
0.009357	18	23	29	39		0.047178	0.486656	0.246730	0.219436	
0.009372	18	23	29	39		0.043549	0.490184	0.246378	0.219889	
0.009387	18	23	29	39		0.039919	0.493712	0.246027	0.220342	
0.009403	18	23	29	39		0.036290	0.497239	0.245675	0.220795	
0.009418	18	23	29	39		0.032661	0.500767	0.245323	0.221249	
0.009433	18	23	29	39		0.029032	0.504295	0.244972	0.221702	
0.009448	18	23	29	39		0.025402	0.507823	0.244620	0.222155	
0.009463	18	23	29	39		0.021773	0.511350	0.244268	0.222609	
0.009478	18	23	29	39		0.018144	0.514878	0.243916	0.223062	
0.009493	18	23	29	39		0.014514	0.518406	0.243565	0.223515	
0.009508	18	23	29	39		0.010885	0.521933	0.243213	0.223968	
0.009523	23	29	39			0.525288	0.246972	0.227740	
0.009539	23	29	39			0.528902	0.244564	0.226534	
0.009554	23	29	39			0.532517	0.242156	0.225327	
0.009569	23	29	39			0.536131	0.239748	0.224120	
0.009584	23	29	39			0.539745	0.237341	0.222914	
0.009599	23	29	39			0.543360	0.234933	0.221707	
0.009614	23	29	39			0.546974	0.232525	0.220501	
0.009629	23	29	39			0.550588	0.230117	0.219294	
0.009644	23	29	39			0.554202	0.227710	0.218088	
0.009659	23	29	39			0.557817	0.225302	0.216881	
0.009675	23	29	39			0.561431	0.222894	0.215675	
0.009690	23	29	39			0.565045	0.220486	0.214468	
0.009705	23	29	39			0.568660	0.218079	0.213262	
0.009720	23	29	39			0.572274	0.215671	0.212055	
0.009735	23	29	39			0.575888	0.213263	0.210849	
0.009750	23	29	39			0.579503	0.210855	0.209642	
0.009765	23	29	39			0.583117	0.208448	0.208436	
0.009780	23	29	39			0.586731	0.206040	0.207229	
0.009795	23	29	39			0.590345	0.203632	0.206022	
0.009811	23	29	39			0.593960	0.201224	0.204816	
0.009826	23	29	39			0.597574	0.198817	0.203609	
0.009841	23	29	39			0.601188	0.196409	0.202403	
0.009856	23	29	39			0.604803	0.194001	0.201196	
0.009871	23	29	39			0.608417	0.191593	0.199990	
0.009886	23	29	39			0.612031	0.189186	0.198783	
0.009901	23	29	39			0.615645	0.186778	0.197577	
0.009916	23	29	39			0.619260	0.184370	0.196370	
0.009931	23	29	39			0.622874	0.181962	0.195164	
0.009947	23	29	39			0.626488	0.179555	0.193957	
0.009962	23	29	39			0.630103	0.177147	0.192751	
0.009977	23	29	39			0.633717	0.174739	0.191544	
0.009992	23	29	39			0.637331	0.172331	0.190337	
0.010007	23	29	39			0.640945	0.169924	0.189131	
0.010022	23	29	39			0.644560	0.167516	0.187924	
0.010037	23	29	39			0.648174	0.165108	0.186718	
0.010052	23	29	39			0.651788	0.162700	0.185511	
0.010067	23	29	39			0.655403	0.160293	0.184305	
0.010083	23	29	39			0.659017	0.157885	0.183098	
0.010098	23	29	39			0.662631	0.155477	0.181892	
0.010113	23	29	39			0.666245	0.153069	0.180685	
0.010128	23	29	39			0.669860	0.150662	0.179479	
0.010143	23	29	39			0.673474	0.148254	0.178272	
0.010158	23	29	39			0.677088	0.145846	0.177066	
0.010173	23	29	39			0.680703	0.143438	0.175859	
0.010188	23	29	39			0.684317	0.141031	0.174653	
0.010203	23	29	39			0.687931	0.138623	0.173446	
0.010219	23	29	39			0.691545	0.136215	0.172239	
0.010234	23	29	39			0.695160	0.133807	0.171033	
0.010249	23	29	39			0.698774	0.131400	0.169826	
0.010264	23	29	39			0.702388	0.128992	0.168620	
0.010279	23	29	39			0.706003	0.126584	0.167413	
0.010294	23	29	39			0.709617	0.124176	0.166207	
0.010309	23	29	39			0.713231	0.121769	0.165000	
0.010324	23	29	39			0.716845	0.119361	0.163794	
0.010339	23	29	39			0.720460	0.116953	0.162587	
0.010355	23	29	39			0.724074	0.114545	0.161381	
0.010370	23	29	39			0.727688	0.112138	0.160174	
0.010385	23	29	39			0.731303	0.109730	0.158968	
0.010400	23	29	39			0.734917	0.107322	0.157761	
0.010415	23	29	39			0.738531	0.104914	0.156554	
0.010430	23	29	39			0.742146	0.102507	0.155348	
0.010445	23	29	39			0.745760	0.100099	0.154141	
0.010460	23	29	39			0.749374	0.097691	0.152935	
0.010475	23	29	39			0.752988	0.095283	0.151728	
0.010490	23	29	39			0.756603	0.092876	0.150522	
0.010506	23	29	39			0.760217	0.090468	0.149315	
0.010521	23	29	39			0.763831	0.088060	0.148109	
0.010536	23	29	39			0.767446	0.085652	0.146902	
0.010551	23	29	39			0.771060	0.083245	0.145696	
0.010566	23	29	39			0.774674	0.080837	0.144489	
0.010581	23	29	39			0.778288	0.078429	0.143283	
0.010596	23	29	39			0.781903	0.076021	0.142076	
0.010611	23	29	39			0.785517	0.073614	0.140870	
0.010626	23	29	39			0.789131	0.071206	0.139663	
0.010642	23	29	39			0.792746	0.068798	0.138456	
0.010657	23	29	39			0.796360	0.066390	0.137250	
0.010672	23	29	39			0.799974	0.063982	0.136043	
0.010687	23	29	39			0.803588	0.061575	0.134837	
0.010702	23	29	39			0.807203	0.059167	0.133630	
0.010717	23	29	39			0.810817	0.056759	0.132424	
0.010732	23	29	39			0.814431	0.054351	0.131217	
0.010747	23	29	39			0.818046	0.051944	0.130011	
0.010762	23	29	39			0.821660	0.049536	0.128804	
0.010778	23	29	39			0.825274	0.047128	0.127598	
0.010793	23	29	39			0.828888	0.044720	0.126391	
0.010808	23	29	39			0.832503	0.042313	0.125185	
0.010823	23	29	39			0.836117	0.039905	0.123978	
0.010838	23	29	39			0.839731	0.037497	0.122771	
0.010853	23	29	39			0.843346	0.035089	0.121565	
0.010868	23	29	39			0.846960	0.032682	0.120358	
0.010883	23	29	39			0.850574	0.030274	0.119152	
0.010898	23	29	39			0.854188	0.027866	0.117945	
0.010914	23	29	39			0.857803	0.025458	0.116739	
0.010929	23	29	39			0.861417	0.023051	0.115532	
0.010944	23	29	39			0.865031	0.020643	0.114326	
0.010959	23	29	39			0.868646	0.018235	0.113119	
0.010974	23	29	39			0.872260	0.015827	0.111913	
0.010989	23	29	39			0.875874	0.013420	0.110706	
0.011004	23	29	39			0.879489	0.011012	0.109500	
0.011019	23	39				0.882831	0.117169	
0.011034	23	39				0.886521	0.113479	
0.011050	23	39				0.890212	0.109788	
0.011065	23	39				0.893902	0.106098	
0.011080	23	39				0.897592	0.102408	
0.011095	23	39				0.901283	0.098717	
0.011110	23	39				0.904973	0.095027	
0.011125	23	39				0.908663	0.091337	
0.011140	23	39				0.912354	0.087646	
0.011155	23	39				0.916044	0.083956	
0.011170	23	39				0.919735	0.080265	
0.011186	23	39				0.923425	0.076575	
0.011201	23	39				0.927115	0.072885	
0.011216	23	39				0.930806	0.069194	
0.011231	23	39				0.934496	0.065504	
0.011246	23	39				0.938186	0.061814	
0.011261	23	39				0.941877	0.058123	
0.011276	23	39				0.945567	0.054433	
0.011291	23	39				0.949257	0.050743	
0.011306	23	39				0.952948	0.047052	
0.011322	23	39				0.956638	0.043362	
0.011337	23	39				0.960329	0.039671	
0.011352	23	39				0.964019	0.035981	
0.011367	23	39				0.967709	0.032291	
0.011382	23	39				0.971400	0.028600	
0.011397	23	39				0.975090	0.024910	
0.011412	23	39				0.978780	0.021220	
0.011427	23	39				0.982471	0.017529	
0.011442	23	39				0.986161	0.013839	
0.011458	23	39				0.989851	0.010149	
0.011473						
0.011488						
