0.003948	2	5	12	17	19	20	23	27	40	47	0.065349	0.071056	0.066598	0.099611	0.310768	0.105964	0.018156	0.092304	0.074033	0.096161	
0.003963	2	5	12	17	19	20	23	27	40	47	0.065516	0.070725	0.066164	0.098308	0.310751	0.105824	0.018437	0.094217	0.073128	0.096930	
0.003978	2	5	12	17	19	20	23	27	40	47	0.065683	0.070393	0.065730	0.097005	0.310733	0.105685	0.018719	0.096130	0.072223	0.097699	
0.003993	2	5	12	17	19	20	23	27	40	47	0.065850	0.070061	0.065297	0.095702	0.310716	0.105545	0.019001	0.098044	0.071317	0.098468	
0.004008	2	5	12	17	19	20	23	27	40	47	0.066018	0.069730	0.064863	0.094398	0.310698	0.105406	0.019282	0.099957	0.070412	0.099237	
0.004023	2	5	12	17	19	20	23	27	40	47	0.066185	0.069398	0.064429	0.093095	0.310680	0.105266	0.019564	0.101870	0.069507	0.100006	
0.004038	2	5	12	17	19	20	23	27	40	47	0.066352	0.069067	0.063995	0.091792	0.310663	0.105127	0.019845	0.103783	0.068601	0.100774	
0.004053	2	5	12	17	19	20	23	27	40	47	0.066520	0.068735	0.063561	0.090489	0.310645	0.104988	0.020127	0.105697	0.067696	0.101543	
0.004068	2	5	12	17	19	20	23	27	40	47	0.066687	0.068404	0.063127	0.089185	0.310628	0.104848	0.020408	0.107610	0.066791	0.102312	
0.004084	2	5	12	17	19	20	23	27	40	47	0.066854	0.068072	0.062693	0.087882	0.310610	0.104709	0.020690	0.109523	0.065886	0.103081	
0.004099	2	5	12	17	19	20	23	27	40	47	0.067021	0.067741	0.062259	0.086579	0.310593	0.104569	0.020971	0.111436	0.064980	0.103850	
0.004114	2	5	12	17	19	20	23	27	40	47	0.067189	0.067409	0.061825	0.085276	0.310575	0.104430	0.021253	0.113350	0.064075	0.104619	
0.004129	2	5	12	17	19	20	23	27	40	47	0.067356	0.067078	0.061391	0.083972	0.310557	0.104290	0.021535	0.115263	0.063170	0.105388	
0.004144	2	5	12	17	19	20	23	27	40	47	0.067523	0.066746	0.060957	0.082669	0.310540	0.104151	0.021816	0.117176	0.062264	0.106157	
0.004159	2	5	12	17	19	20	23	27	40	47	0.067690	0.066415	0.060523	0.081366	0.310522	0.104011	0.022098	0.119089	0.061359	0.106926	
0.004174	2	5	12	17	19	20	23	27	40	47	0.067858	0.066083	0.060089	0.080063	0.310505	0.103872	0.022379	0.121003	0.060454	0.107694	
0.004189	2	5	12	17	19	20	23	27	40	47	0.068025	0.065752	0.059655	0.078760	0.310487	0.103733	0.022661	0.122916	0.059549	0.108463	
0.004204	2	5	12	17	19	20	23	27	40	47	0.068192	0.065420	0.059221	0.077456	0.310470	0.103593	0.022942	0.124829	0.058643	0.109232	
0.004220	2	5	12	17	19	20	23	27	40	47	0.068360	0.065089	0.058788	0.076153	0.310452	0.103454	0.023224	0.126742	0.057738	0.110001	
0.004235	2	5	12	17	19	20	23	27	40	47	0.068527	0.064757	0.058354	0.074850	0.310435	0.103314	0.023506	0.128656	0.056833	0.110770	
0.004250	2	5	12	17	19	20	23	27	40	47	0.068694	0.064426	0.057920	0.073547	0.310417	0.103175	0.023787	0.130569	0.055927	0.111539	
0.004265	2	5	12	17	19	20	23	27	40	47	0.068861	0.064094	0.057486	0.072243	0.310399	0.103035	0.024069	0.132482	0.055022	0.112308	
0.004280	2	5	12	17	19	20	23	27	40	47	0.069029	0.063763	0.057052	0.070940	0.310382	0.102896	0.024350	0.134396	0.054117	0.113077	
0.004295	2	5	12	17	19	20	23	27	40	47	0.069196	0.063431	0.056618	0.069637	0.310364	0.102756	0.024632	0.136309	0.053211	0.113846	
0.004310	2	5	12	17	19	20	23	27	40	47	0.069363	0.063099	0.056184	0.068334	0.310347	0.102617	0.024913	0.138222	0.052306	0.114614	
0.004325	2	5	12	17	19	20	23	27	40	47	0.069531	0.062768	0.055750	0.067030	0.310329	0.102477	0.025195	0.140135	0.051401	0.115383	
0.004340	2	10	12	17	19	20	23	27	40	47	0.065983	0.066800	0.052049	0.080883	0.305554	0.099563	0.024867	0.130765	0.060117	0.113419	
0.004356	2	10	12	17	19	20	23	27	40	47	0.066040	0.067305	0.051537	0.079566	0.305404	0.099273	0.025142	0.132548	0.059130	0.114056	
0.004371	2	10	12	17	19	20	23	27	40	47	0.066097	0.067810	0.051025	0.078249	0.305253	0.098983	0.025417	0.134330	0.058143	0.114694	
0.004386	2	10	12	17	19	20	23	27	40	47	0.066153	0.068315	0.050514	0.076931	0.305103	0.098693	0.025692	0.136112	0.057155	0.115331	
0.004401	2	10	12	17	19	20	23	27	40	47	0.066210	0.068820	0.050002	0.075614	0.304952	0.098403	0.025967	0.137894	0.056168	0.115969	
0.004416	2	10	12	17	19	20	23	27	40	47	0.066267	0.069325	0.049491	0.074297	0.304802	0.098113	0.026242	0.139677	0.055181	0.116607	
0.004431	2	10	12	17	19	20	23	27	40	47	0.066324	0.069829	0.048979	0.072980	0.304651	0.097823	0.026517	0.141459	0.054194	0.117244	
0.004446	2	10	12	17	19	20	23	27	40	47	0.066381	0.070334	0.048468	0.071662	0.304501	0.097533	0.026791	0.143241	0.053206	0.117882	
0.004461	2	10	12	17	19	20	23	27	40	47	0.066438	0.070839	0.047956	0.070345	0.304350	0.097243	0.027066	0.145023	0.052219	0.118519	
0.004476	2	10	12	17	19	20	23	27	40	47	0.066495	0.071344	0.047444	0.069028	0.304200	0.096953	0.027341	0.146806	0.051232	0.119157	
0.004492	2	5	10	12	17	19	20	23	27	47	0.065221	0.054592	0.059885	0.058879	0.071722	0.304023	0.104245	0.026605	0.140821	0.114007	
0.004507	2	5	12	17	19	20	23	27	29	47	0.066538	0.074407	0.067947	0.071160	0.304950	0.111346	0.025171	0.135436	0.040016	0.103028	
0.004522	2	5	12	17	19	20	23	27	29	47	0.066495	0.074072	0.067333	0.069809	0.304634	0.110888	0.025409	0.136970	0.041110	0.103281	
0.004537	2	5	12	17	19	20	23	27	29	47	0.066452	0.073736	0.066720	0.068458	0.304317	0.110429	0.025648	0.138503	0.042204	0.103534	
0.004552	2	5	12	17	19	20	23	27	29	47	0.066409	0.073400	0.066107	0.067107	0.304001	0.109970	0.025886	0.140037	0.043298	0.103786	
0.004567	2	5	12	17	19	20	23	27	29	47	0.066366	0.073065	0.065493	0.065756	0.303684	0.109512	0.026124	0.141570	0.044391	0.104039	
0.004582	2	5	12	17	19	20	23	27	29	47	0.066323	0.072729	0.064880	0.064405	0.303368	0.109053	0.026362	0.143104	0.045485	0.104292	
0.004597	2	5	12	17	19	20	23	27	29	47	0.066280	0.072393	0.064267	0.063054	0.303052	0.108595	0.026600	0.144637	0.046579	0.104545	
0.004612	2	5	12	17	19	20	23	27	29	47	0.066237	0.072057	0.063654	0.061703	0.302735	0.108136	0.026838	0.146171	0.047673	0.104797	
0.004628	2	5	12	17	19	20	23	27	29	47	0.066194	0.071722	0.063040	0.060352	0.302419	0.107677	0.027076	0.147704	0.048766	0.105050	
0.004643	2	5	12	17	19	20	23	27	29	47	0.066151	0.071386	0.062427	0.059001	0.302102	0.107219	0.027315	0.149238	0.049860	0.105303	
0.004658	2	5	12	17	19	20	23	27	29	47	0.066108	0.071050	0.061814	0.057650	0.301786	0.106760	0.027553	0.150771	0.050954	0.105555	
0.004673	2	5	12	17	19	20	23	27	29	47	0.066065	0.070714	0.061200	0.056299	0.301469	0.106301	0.027791	0.152305	0.052048	0.105808	
0.004688	2	5	12	17	19	20	23	27	29	47	0.066022	0.070379	0.060587	0.054948	0.301153	0.105843	0.028029	0.153838	0.053141	0.106061	
0.004703	2	5	12	17	19	20	23	27	29	47	0.065979	0.070043	0.059974	0.053597	0.300836	0.105384	0.028267	0.155372	0.054235	0.106313	
0.004718	2	5	12	17	19	20	23	27	29	47	0.065936	0.069707	0.059360	0.052246	0.300520	0.104926	0.028505	0.156905	0.055329	0.106566	
0.004733	2	5	12	17	19	20	23	27	29	47	0.065893	0.069371	0.058747	0.050895	0.300204	0.104467	0.028743	0.158439	0.056423	0.106819	
0.004748	2	10	12	17	19	20	23	27	29	47	0.064281	0.073347	0.056714	0.066868	0.298222	0.104807	0.028817	0.152013	0.044779	0.110153	
0.004764	2	10	12	17	19	20	23	27	29	47	0.064161	0.073592	0.056026	0.065459	0.297810	0.104221	0.029052	0.153482	0.045882	0.110314	
0.004779	2	10	12	17	19	20	23	27	29	47	0.064040	0.073838	0.055339	0.064051	0.297398	0.103635	0.029288	0.154950	0.046985	0.110475	
0.004794	2	10	12	17	19	20	23	27	29	47	0.063920	0.074084	0.054652	0.062642	0.296986	0.103050	0.029524	0.156419	0.048088	0.110636	
0.004809	2	10	12	17	19	20	23	27	29	47	0.063800	0.074329	0.053964	0.061234	0.296574	0.102464	0.029759	0.157887	0.049191	0.110797	
0.004824	2	10	12	17	19	20	23	27	29	47	0.063679	0.074575	0.053277	0.059826	0.296162	0.101878	0.029995	0.159356	0.050295	0.110958	
0.004839	2	10	12	17	19	20	23	27	29	47	0.063559	0.074820	0.052589	0.058417	0.295750	0.101293	0.030231	0.160824	0.051398	0.111118	
0.004854	2	10	12	17	19	20	23	27	29	47	0.063438	0.075066	0.051902	0.057009	0.295338	0.100707	0.030467	0.162293	0.052501	0.111279	
0.004869	2	5	10	17	19	20	23	27	29	47	0.057258	0.056610	0.067888	0.058756	0.293822	0.101946	0.029916	0.162228	0.055754	0.115822	
0.004884	2	5	10	17	19	20	23	27	29	47	0.057196	0.056116	0.068154	0.057241	0.293393	0.101285	0.030162	0.163713	0.056861	0.115880	
0.004900	2	5	10	17	19	20	23	27	29	47	0.057134	0.055622	0.068419	0.055725	0.292965	0.100624	0.030408	0.165197	0.057968	0.115938	
0.004915	2	5	10	17	19	20	23	27	29	47	0.057073	0.055128	0.068684	0.054209	0.292536	0.099963	0.030654	0.166681	0.059076	0.115996	
0.004930	2	5	10	17	19	20	23	27	29	47	0.057011	0.054634	0.068950	0.052693	0.292107	0.099302	0.030900	0.168166	0.060183	0.116053	
0.004945	2	5	10	17	19	20	23	27	29	47	0.056949	0.054140	0.069215	0.051178	0.291679	0.098641	0.031146	0.169650	0.061291	0.116111	
0.004960	2	5	10	17	19	20	23	27	29	47	0.056888	0.053646	0.069480	0.049662	0.291250	0.097980	0.031392	0.171135	0.062398	0.116169	
0.004975	2	5	10	17	19	20	23	27	29	47	0.056826	0.053153	0.069746	0.048146	0.290821	0.097318	0.031639	0.172619	0.063506	0.116227	
0.004990	2	5	10	12	19	20	23	27	29	47	0.068007	0.061641	0.056720	0.056646	0.303762	0.093550	0.030228	0.160119	0.062755	0.106572	
0.005005	2	5	10	12	19	20	23	27	29	47	0.067541	0.060696	0.057352	0.055413	0.302720	0.092790	0.030552	0.162159	0.064015	0.106763	
0.005020	2	5	10	12	19	20	23	27	29	47	0.067075	0.059750	0.057983	0.054179	0.301678	0.092030	0.030877	0.164198	0.065274	0.106955	
0.005036	2	5	10	12	19	20	23	27	29	47	0.066609	0.058805	0.058615	0.052945	0.300636	0.091271	0.031202	0.166238	0.066534	0.107146	
0.005051	2	5	10	12	19	20	23	27	29	47	0.066142	0.057859	0.059246	0.051712	0.299594	0.090511	0.031527	0.168277	0.067793	0.107338	
0.005066	2	5	10	12	19	20	23	27	29	47	0.065676	0.056914	0.059878	0.050478	0.298553	0.089751	0.031852	0.170317	0.069052	0.107529	
0.005081	2	5	10	12	19	20	23	27	29	47	0.065210	0.055969	0.060509	0.049245	0.297511	0.088991	0.032177	0.172356	0.070312	0.107720	
0.005096	2	5	10	12	19	20	23	27	29	47	0.064744	0.055023	0.061141	0.048011	0.296469	0.088231	0.032502	0.174396	0.071571	0.107912	
0.005111	2	5	10	12	19	20	23	27	29	47	0.064278	0.054078	0.061772	0.046777	0.295427	0.087472	0.032826	0.176436	0.072831	0.108103	
0.005126	2	5	10	12	19	20	23	27	29	47	0.063812	0.053132	0.062404	0.045544	0.294385	0.086712	0.033151	0.178475	0.074090	0.108295	
0.005141	2	5	10	12	19	20	23	27	29	47	0.063346	0.052187	0.063035	0.044310	0.293343	0.085952	0.033476	0.180515	0.075350	0.108486	
0.005156	2	5	10	12	19	20	23	27	29	47	0.062880	0.051241	0.063667	0.043077	0.292302	0.085192	0.033801	0.182554	0.076609	0.108677	
0.005172	2	5	10	12	19	20	23	27	29	47	0.062414	0.050296	0.064298	0.041843	0.291260	0.084432	0.034126	0.184594	0.077869	0.108869	
0.005187	2	5	10	12	19	20	23	27	29	47	0.061948	0.049351	0.064930	0.040609	0.290218	0.083672	0.034451	0.186633	0.079128	0.109060	
0.005202	2	5	10	12	19	20	23	27	29	47	0.061482	0.048405	0.065561	0.039376	0.289176	0.082913	0.034775	0.188673	0.080387	0.109252	
0.005217	2	5	10	12	19	20	23	27	29	47	0.061016	0.047460	0.066193	0.038142	0.288134	0.082153	0.035100	0.190712	0.081647	0.109443	
0.005232	2	5	10	12	19	20	23	27	29	47	0.060550	0.046514	0.066824	0.036909	0.287092	0.081393	0.035425	0.192752	0.082906	0.109634	
0.005247	2	5	10	12	19	20	23	27	29	47	0.060084	0.045569	0.067456	0.035675	0.286051	0.080633	0.035750	0.194792	0.084166	0.109826	
0.005262	2	5	10	12	19	20	23	27	29	47	0.059618	0.044623	0.068087	0.034441	0.285009	0.079873	0.036075	0.196831	0.085425	0.110017	
0.005277	2	5	10	12	19	20	23	27	29	47	0.059151	0.043678	0.068719	0.033208	0.283967	0.079114	0.036400	0.198871	0.086685	0.110209	
0.005292	2	5	10	12	19	20	23	27	29	47	0.058685	0.042733	0.069350	0.031974	0.282925	0.078354	0.036725	0.200910	0.087944	0.110400	
0.005307	2	5	10	12	19	20	23	27	29	47	0.058219	0.041787	0.069982	0.030741	0.281883	0.077594	0.037049	0.202950	0.089204	0.110591	
0.005323	2	5	10	12	19	20	23	27	29	47	0.057753	0.040842	0.070613	0.029507	0.280842	0.076834	0.037374	0.204989	0.090463	0.110783	
0.005338	2	5	10	12	19	20	23	27	29	47	0.057287	0.039896	0.071245	0.028273	0.279800	0.076074	0.037699	0.207029	0.091722	0.110974	
0.005353	2	5	10	12	19	20	23	27	29	47	0.056821	0.038951	0.071876	0.027040	0.278758	0.075314	0.038024	0.209069	0.092982	0.111166	
0.005368	2	5	10	12	19	20	23	27	29	47	0.056355	0.038005	0.072508	0.025806	0.277716	0.074555	0.038349	0.211108	0.094241	0.111357	
0.005383	2	5	10	12	19	20	23	27	29	47	0.055889	0.037060	0.073139	0.024573	0.276674	0.073795	0.038674	0.213148	0.095501	0.111548	
0.005398	2	5	10	12	19	20	23	27	29	47	0.055423	0.036115	0.073771	0.023339	0.275632	0.073035	0.038998	0.215187	0.096760	0.111740	
0.005413	2	5	8	10	19	20	23	27	29	47	0.058173	0.041160	0.023178	0.074417	0.283650	0.078642	0.037943	0.209530	0.080771	0.112535	
0.005428	2	5	8	10	19	20	23	27	29	47	0.057676	0.039896	0.023797	0.074852	0.282314	0.077453	0.038306	0.211666	0.081845	0.112196	
0.005443	2	5	10	18	19	20	23	27	29	47	0.055925	0.045841	0.076053	0.035334	0.274009	0.076836	0.037225	0.198285	0.088754	0.111739	
0.005459	2	5	10	18	19	20	23	27	29	47	0.055405	0.044859	0.076483	0.036703	0.272439	0.075656	0.037524	0.199762	0.089857	0.111311	
0.005474	2	5	10	18	19	20	23	27	29	47	0.054885	0.043877	0.076914	0.038072	0.270869	0.074477	0.037824	0.201240	0.090961	0.110882	
0.005489	2	5	8	10	19	20	23	27	29	47	0.055688	0.034839	0.026273	0.076588	0.276970	0.072697	0.039756	0.220209	0.086140	0.110841	
0.005504	2	5	8	10	19	20	23	27	29	47	0.055191	0.033575	0.026892	0.077022	0.275634	0.071508	0.040119	0.222344	0.087214	0.110502	
0.005519	2	5	8	10	19	20	23	27	29	47	0.054693	0.032311	0.027511	0.077457	0.274298	0.070319	0.040481	0.224480	0.088288	0.110163	
0.005534	2	5	8	10	19	20	23	27	29	47	0.054196	0.031046	0.028130	0.077891	0.272962	0.069129	0.040844	0.226616	0.089362	0.109824	
0.005549	2	5	10	18	19	20	23	27	29	47	0.052283	0.038965	0.079065	0.044917	0.263020	0.068579	0.039324	0.208627	0.096479	0.108741	
0.005564	2	8	10	18	19	20	23	27	29	47	0.059361	0.025185	0.088034	0.020652	0.277682	0.076920	0.039757	0.216135	0.082146	0.114128	
0.005579	2	8	10	18	19	20	23	27	29	47	0.058687	0.025532	0.088134	0.022042	0.275841	0.075423	0.040071	0.217656	0.083235	0.113378	
0.005595	2	8	10	18	19	20	23	27	29	47	0.058012	0.025879	0.088235	0.023433	0.273999	0.073926	0.040385	0.219178	0.084325	0.112628	
0.005610	2	8	10	18	19	20	23	27	29	47	0.057338	0.026226	0.088336	0.024823	0.272157	0.072429	0.040700	0.220699	0.085414	0.111878	
0.005625	2	5	10	18	19	20	23	27	29	47	0.049682	0.034054	0.081217	0.051762	0.255171	0.062681	0.040823	0.216014	0.101996	0.106599	
0.005640	2	10	18	19	20	23	27	29	42	47	0.046334	0.089766	0.039722	0.262310	0.067668	0.040884	0.216633	0.090334	0.042854	0.103496	
0.005655	2	8	10	19	20	23	27	29	42	47	0.048145	0.026804	0.087195	0.266530	0.064098	0.043205	0.239137	0.090837	0.028552	0.105496	
0.005670	2	10	18	19	20	23	27	29	42	47	0.044837	0.090019	0.042876	0.258494	0.064671	0.041500	0.219513	0.092683	0.043453	0.101954	
0.005685	2	10	18	19	20	23	27	29	42	47	0.044088	0.090146	0.044453	0.256585	0.063173	0.041808	0.220953	0.093857	0.043753	0.101183	
0.005700	2	8	10	18	19	20	23	27	29	47	0.053291	0.028307	0.088939	0.033165	0.261108	0.063447	0.042585	0.229829	0.091952	0.107377	
0.005715	2	10	18	19	20	23	27	29	42	47	0.042591	0.090398	0.047607	0.252769	0.060177	0.042425	0.223833	0.096206	0.044353	0.099641	
0.005731	2	10	18	19	20	23	27	29	42	47	0.041842	0.090525	0.049184	0.250861	0.058679	0.042733	0.225274	0.097380	0.044653	0.098869	
0.005746	2	10	18	19	20	23	27	29	42	47	0.041093	0.090651	0.050761	0.248953	0.057181	0.043041	0.226714	0.098554	0.044953	0.098098	
0.005761	2	10	18	19	20	23	27	29	42	47	0.040345	0.090778	0.052338	0.247045	0.055683	0.043349	0.228154	0.099729	0.045252	0.097327	
0.005776	2	8	10	18	19	20	23	27	29	47	0.049919	0.030041	0.089442	0.040117	0.251901	0.055962	0.044155	0.237438	0.097399	0.103626	
0.005791	2	10	18	19	20	23	27	29	42	47	0.038847	0.091031	0.055492	0.243228	0.052687	0.043966	0.231034	0.102077	0.045852	0.095785	
0.005806	2	10	18	19	20	23	27	29	42	47	0.038098	0.091157	0.057069	0.241320	0.051189	0.044274	0.232474	0.103252	0.046152	0.095014	
0.005821	2	10	18	19	20	23	27	29	42	47	0.037350	0.091284	0.058647	0.239412	0.049691	0.044582	0.233914	0.104426	0.046452	0.094243	
0.005836	2	10	18	19	20	23	27	29	42	47	0.036601	0.091410	0.060224	0.237504	0.048193	0.044891	0.235354	0.105600	0.046752	0.093472	
0.005851	2	10	18	19	20	23	27	29	42	47	0.035852	0.091537	0.061801	0.235596	0.046695	0.045199	0.236795	0.106775	0.047051	0.092701	
0.005867	2	10	18	19	20	23	27	29	42	47	0.035103	0.091663	0.063378	0.233687	0.045197	0.045507	0.238235	0.107949	0.047351	0.091930	
0.005882	2	10	18	19	20	23	27	29	42	47	0.034355	0.091790	0.064955	0.231779	0.043699	0.045815	0.239675	0.109123	0.047651	0.091159	
0.005897	2	8	10	18	19	20	23	27	29	47	0.044523	0.032816	0.090246	0.051240	0.237168	0.043986	0.046669	0.249611	0.106115	0.097625	
0.005912	2	8	10	18	19	20	23	27	29	47	0.043849	0.033163	0.090347	0.052631	0.235327	0.042489	0.046983	0.251132	0.107205	0.096875	
0.005927	8	10	18	19	20	23	27	29	42	47	0.023784	0.095691	0.053013	0.238523	0.045905	0.044619	0.251536	0.104973	0.041110	0.100846	
0.005942	8	10	18	19	20	23	27	29	42	47	0.024168	0.095682	0.054437	0.236532	0.044270	0.044982	0.253024	0.106056	0.040994	0.099856	
0.005957	2	8	10	18	19	23	27	29	42	47	0.041040	0.027538	0.098054	0.055270	0.248771	0.047978	0.249763	0.103937	0.033649	0.094000	
0.005972	2	8	10	18	19	20	23	27	29	47	0.041151	0.034551	0.090749	0.058192	0.227961	0.036501	0.048240	0.257219	0.111563	0.093874	
0.005987	2	8	10	18	19	20	23	27	29	47	0.040476	0.034898	0.090850	0.059583	0.226119	0.035003	0.048554	0.258741	0.112653	0.093124	
0.006003	2	8	10	18	19	20	23	27	29	47	0.039802	0.035245	0.090951	0.060973	0.224277	0.033506	0.048868	0.260262	0.113742	0.092374	
0.006018	2	8	10	18	19	20	23	27	29	47	0.039127	0.035592	0.091051	0.062364	0.222436	0.032009	0.049182	0.261784	0.114832	0.091624	
0.006033	2	8	10	18	19	20	23	27	29	47	0.038453	0.035938	0.091152	0.063754	0.220594	0.030512	0.049496	0.263306	0.115921	0.090873	
0.006048	2	8	10	18	19	20	23	27	29	47	0.037778	0.036285	0.091252	0.065144	0.218753	0.029015	0.049810	0.264827	0.117011	0.090123	
0.006063	2	8	10	18	19	20	23	27	29	47	0.037104	0.036632	0.091353	0.066535	0.216911	0.027518	0.050125	0.266349	0.118100	0.089373	
0.006078	2	8	10	18	19	20	23	27	29	47	0.036429	0.036979	0.091453	0.067925	0.215070	0.026021	0.050439	0.267871	0.119190	0.088623	
0.006093	8	10	18	19	20	23	27	29	39	47	0.032380	0.098054	0.059688	0.225613	0.035181	0.046872	0.265693	0.115256	0.027079	0.094184	
0.006108	2	8	10	18	19	23	27	29	39	47	0.039584	0.033975	0.097759	0.061509	0.230608	0.049950	0.262631	0.113245	0.026763	0.083976	
0.006123	2	8	10	18	19	23	27	29	39	47	0.038664	0.034149	0.097559	0.062739	0.228021	0.050217	0.264076	0.114258	0.027645	0.082671	
0.006139	2	8	10	18	19	23	27	29	39	47	0.037745	0.034323	0.097359	0.063970	0.225434	0.050484	0.265520	0.115272	0.028528	0.081366	
0.006154	2	8	10	18	19	23	27	29	39	47	0.036825	0.034497	0.097158	0.065200	0.222847	0.050752	0.266964	0.116285	0.029410	0.080061	
0.006169	2	8	10	18	19	23	27	29	42	47	0.028058	0.032040	0.094814	0.076053	0.210245	0.052285	0.272926	0.121025	0.033117	0.079436	
0.006184	2	8	10	18	19	23	27	29	39	47	0.034986	0.034845	0.096758	0.067661	0.217673	0.051286	0.269853	0.118313	0.031175	0.077450	
0.006199	2	8	10	18	19	23	27	29	39	47	0.034066	0.035019	0.096557	0.068892	0.215086	0.051554	0.271297	0.119326	0.032057	0.076145	
0.006214	8	10	18	19	23	27	29	39	47		0.034832	0.103938	0.067845	0.225621	0.049334	0.274505	0.120725	0.032555	0.090646	
0.006229	8	10	18	19	23	27	29	39	47		0.035016	0.103527	0.069139	0.222670	0.049670	0.275900	0.121728	0.033448	0.088903	
0.006244	8	10	18	19	23	27	29	39	47		0.035200	0.103116	0.070432	0.219719	0.050006	0.277295	0.122731	0.034341	0.087159	
0.006259	8	10	18	19	23	27	29	39	47		0.035384	0.102706	0.071726	0.216768	0.050343	0.278691	0.123734	0.035234	0.085415	
0.006275	8	10	18	19	23	27	29	39	47		0.035568	0.102295	0.073019	0.213817	0.050679	0.280086	0.124737	0.036127	0.083672	
0.006290	8	10	18	19	23	27	29	39	47		0.035752	0.101884	0.074313	0.210866	0.051015	0.281482	0.125740	0.037020	0.081928	
0.006305	2	8	10	18	19	23	27	29	39	47	0.027629	0.036237	0.095155	0.077505	0.196977	0.053425	0.281408	0.126422	0.038233	0.067009	
0.006320	8	10	18	19	20	23	27	29	39	47	0.035796	0.098033	0.077625	0.197160	0.011625	0.051764	0.285050	0.128590	0.039357	0.075001	
0.006335	8	10	18	19	23	27	29	39	47		0.036304	0.100652	0.078194	0.202013	0.052024	0.285668	0.128749	0.039699	0.076697	
0.006350	8	10	18	19	23	27	29	39	47		0.036488	0.100242	0.079488	0.199062	0.052360	0.287063	0.129752	0.040591	0.074954	
0.006365	8	10	18	19	23	27	29	39	47		0.036672	0.099831	0.080781	0.196111	0.052697	0.288459	0.130755	0.041484	0.073210	
0.006380	8	10	18	19	23	27	29	39	47		0.036856	0.099421	0.082075	0.193160	0.053033	0.289854	0.131757	0.042377	0.071466	
0.006395	8	10	18	19	23	27	29	39	47		0.037040	0.099010	0.083369	0.190209	0.053369	0.291250	0.132760	0.043270	0.069723	
0.006411	8	10	18	19	23	27	29	39	47		0.037224	0.098599	0.084662	0.187258	0.053706	0.292645	0.133763	0.044163	0.067979	
0.006426	8	10	18	19	23	27	29	39	47		0.037408	0.098189	0.085956	0.184307	0.054042	0.294040	0.134766	0.045056	0.066236	
0.006441	8	10	18	19	23	27	29	39	47		0.037592	0.097778	0.087249	0.181356	0.054378	0.295436	0.135769	0.045949	0.064492	
0.006456	8	10	18	19	23	27	29	39	47		0.037777	0.097367	0.088543	0.178405	0.054715	0.296831	0.136772	0.046842	0.062748	
0.006471	8	10	18	19	23	27	29	39	47		0.037961	0.096957	0.089837	0.175454	0.055051	0.298227	0.137775	0.047735	0.061005	
0.006486	8	10	18	19	23	27	29	39	47		0.038145	0.096546	0.091130	0.172503	0.055387	0.299622	0.138778	0.048628	0.059261	
0.006501	8	10	18	19	23	27	29	39	47		0.038329	0.096135	0.092424	0.169551	0.055724	0.301017	0.139781	0.049521	0.057517	
0.006516	8	10	18	19	23	27	29	39	47		0.038513	0.095725	0.093718	0.166600	0.056060	0.302413	0.140784	0.050414	0.055774	
0.006531	8	10	18	19	23	27	29	39	47		0.038697	0.095314	0.095011	0.163649	0.056396	0.303808	0.141787	0.051307	0.054030	
0.006547	2	8	10	18	19	23	27	29	39	42	0.022055	0.036105	0.099102	0.100104	0.163206	0.058370	0.301976	0.142680	0.054183	0.022218	
0.006562	8	10	18	19	23	27	29	39	47		0.039065	0.094493	0.097599	0.157747	0.057069	0.306599	0.143793	0.053093	0.050543	
0.006577	8	10	18	19	23	27	29	39	47		0.039249	0.094082	0.098892	0.154796	0.057405	0.307994	0.144796	0.053986	0.048799	
0.006592	8	10	18	19	23	27	29	39	47		0.039433	0.093672	0.100186	0.151845	0.057742	0.309390	0.145799	0.054878	0.047056	
0.006607	8	10	18	19	23	27	29	39	47		0.039617	0.093261	0.101479	0.148894	0.058078	0.310785	0.146802	0.055771	0.045312	
0.006622	2	8	10	18	19	23	27	29	39		0.021693	0.041296	0.098518	0.104561	0.153208	0.059589	0.310173	0.149023	0.061940	
0.006637	8	10	18	19	23	27	29	39			0.041569	0.105820	0.104441	0.162949	0.058180	0.312501	0.150659	0.063882	
0.006652	8	10	18	19	23	27	29	39	47		0.040169	0.092029	0.105360	0.140041	0.059087	0.314972	0.149810	0.058450	0.040081	
0.006667	8	10	18	19	23	27	29	39			0.041805	0.103883	0.106997	0.155383	0.058900	0.315381	0.152511	0.065141	
0.006683	8	10	18	19	23	27	29	39			0.041923	0.102914	0.108275	0.151600	0.059260	0.316821	0.153436	0.065770	
0.006698	8	10	18	19	23	27	29	39			0.042041	0.101946	0.109553	0.147817	0.059620	0.318262	0.154362	0.066399	
0.006713	8	10	18	19	23	27	29	39			0.042159	0.100977	0.110831	0.144033	0.059981	0.319702	0.155288	0.067028	
0.006728	8	10	18	19	23	27	29	39			0.042277	0.100009	0.112109	0.140250	0.060341	0.321142	0.156214	0.067658	
0.006743	8	10	18	19	23	27	29	39			0.042395	0.099041	0.113387	0.136467	0.060701	0.322582	0.157139	0.068287	
0.006758	8	10	18	19	23	27	29	39			0.042513	0.098072	0.114665	0.132684	0.061061	0.324023	0.158065	0.068916	
0.006773	8	10	18	19	23	27	29	39			0.042631	0.097104	0.115943	0.128901	0.061421	0.325463	0.158991	0.069546	
0.006788	8	10	18	19	23	27	29	39			0.042749	0.096135	0.117221	0.125118	0.061781	0.326903	0.159917	0.070175	
0.006803	8	10	18	19	23	27	29	39			0.042867	0.095167	0.118499	0.121335	0.062141	0.328343	0.160842	0.070804	
0.006819	8	10	18	19	23	27	29	39			0.042985	0.094198	0.119778	0.117552	0.062501	0.329784	0.161768	0.071433	
0.006834	8	10	18	19	23	27	29	39			0.043103	0.093230	0.121056	0.113769	0.062861	0.331224	0.162694	0.072063	
0.006849	8	10	18	19	23	27	29	39			0.043221	0.092262	0.122334	0.109986	0.063221	0.332664	0.163620	0.072692	
0.006864	8	10	18	19	23	27	29	39			0.043340	0.091293	0.123612	0.106203	0.063581	0.334104	0.164545	0.073321	
0.006879	8	10	18	19	23	27	29	39			0.043458	0.090325	0.124890	0.102420	0.063942	0.335545	0.165471	0.073950	
0.006894	8	10	18	19	23	27	29	39			0.043576	0.089356	0.126168	0.098637	0.064302	0.336985	0.166397	0.074580	
0.006909	8	10	18	19	23	27	29	39			0.043694	0.088388	0.127446	0.094854	0.064662	0.338425	0.167323	0.075209	
0.006924	8	10	18	19	23	27	29	39			0.043812	0.087420	0.128724	0.091071	0.065022	0.339865	0.168248	0.075838	
0.006939	8	10	18	19	23	27	29	39			0.043930	0.086451	0.130002	0.087288	0.065382	0.341306	0.169174	0.076467	
0.006955	8	10	18	19	23	27	29	39			0.044048	0.085483	0.131280	0.083505	0.065742	0.342746	0.170100	0.077097	
0.006970	8	10	18	19	23	27	29	39			0.044166	0.084514	0.132558	0.079722	0.066102	0.344186	0.171026	0.077726	
0.006985	8	10	18	19	23	27	29	39			0.044284	0.083546	0.133836	0.075939	0.066462	0.345626	0.171951	0.078355	
0.007000	8	10	18	19	23	27	29	39			0.044402	0.082577	0.135114	0.072156	0.066822	0.347067	0.172877	0.078984	
0.007015	8	10	18	19	23	27	29	39			0.044520	0.081609	0.136392	0.068373	0.067182	0.348507	0.173803	0.079614	
0.007030	8	10	18	19	23	27	29	39			0.044638	0.080641	0.137670	0.064590	0.067543	0.349947	0.174729	0.080243	
0.007045	8	10	18	19	23	27	29	39			0.044756	0.079672	0.138948	0.060807	0.067903	0.351387	0.175654	0.080872	
0.007060	8	10	18	19	23	27	29	38	39		0.042976	0.078058	0.137905	0.055943	0.067852	0.351239	0.176010	0.010223	0.079794	
0.007075	8	10	18	19	23	27	29	38	39		0.042997	0.077057	0.139065	0.052105	0.068192	0.352598	0.176907	0.010742	0.080337	
0.007091	8	10	18	19	23	27	29	38	39		0.043019	0.076056	0.140225	0.048267	0.068531	0.353958	0.177804	0.011261	0.080880	
0.007106	8	10	18	19	23	27	29	38	39		0.043041	0.075055	0.141386	0.044429	0.068870	0.355317	0.178701	0.011780	0.081422	
0.007121	8	10	18	19	23	27	29	38	39		0.043062	0.074053	0.142546	0.040591	0.069210	0.356677	0.179597	0.012299	0.081965	
0.007136	8	10	18	19	23	27	29	38	39		0.043084	0.073052	0.143706	0.036753	0.069549	0.358037	0.180494	0.012818	0.082507	
0.007151	8	10	18	19	23	27	29	38	39		0.043106	0.072051	0.144866	0.032915	0.069888	0.359396	0.181391	0.013337	0.083050	
0.007166	8	10	18	19	23	27	29	38	39		0.043127	0.071050	0.146026	0.029077	0.070227	0.360756	0.182288	0.013856	0.083592	
0.007181	8	10	18	19	23	27	29	38	39		0.043149	0.070049	0.147187	0.025239	0.070567	0.362115	0.183185	0.014375	0.084135	
0.007196	8	10	18	19	23	27	29	38	39		0.043171	0.069047	0.148347	0.021401	0.070906	0.363475	0.184081	0.014894	0.084678	
0.007211	8	10	18	19	23	27	29	38	39		0.043193	0.068046	0.149507	0.017563	0.071245	0.364834	0.184978	0.015413	0.085220	
0.007227	8	10	18	19	23	27	29	38	39		0.043214	0.067045	0.150667	0.013726	0.071584	0.366194	0.185875	0.015932	0.085763	
0.007242	8	10	18	23	27	29	39				0.046132	0.080641	0.156876	0.071407	0.370133	0.186571	0.088240	
0.007257	8	10	18	23	27	29	39				0.046302	0.075262	0.157727	0.072150	0.371566	0.187860	0.089134	
0.007272	8	10	18	23	27	29	39				0.046472	0.069882	0.158577	0.072893	0.372999	0.189150	0.090027	
0.007287	8	10	18	23	27	29	38	39			0.043369	0.061191	0.155184	0.073113	0.371668	0.189630	0.017756	0.088087	
0.007302	8	10	18	23	27	29	38	39			0.043553	0.055825	0.156053	0.073859	0.373113	0.190923	0.017682	0.088992	
0.007317	8	10	18	23	27	29	38	39			0.043736	0.050460	0.156921	0.074604	0.374557	0.192216	0.017608	0.089898	
0.007332	8	10	18	23	27	29	38	39			0.043919	0.045094	0.157789	0.075349	0.376002	0.193509	0.017534	0.090803	
0.007347	8	10	18	23	27	29	38	39			0.044102	0.039728	0.158658	0.076094	0.377447	0.194802	0.017460	0.091708	
0.007363	8	10	18	23	27	29	38	39			0.044286	0.034363	0.159526	0.076840	0.378891	0.196095	0.017386	0.092614	
0.007378	8	10	18	23	27	29	38	39			0.044469	0.028997	0.160394	0.077585	0.380336	0.197388	0.017312	0.093519	
0.007393	8	10	18	23	27	29	38	39			0.044652	0.023632	0.161263	0.078330	0.381780	0.198681	0.017238	0.094424	
0.007408	8	10	18	23	27	29	38	39			0.044835	0.018266	0.162131	0.079075	0.383225	0.199974	0.017164	0.095330	
0.007423	8	10	18	23	27	29	38	39			0.045019	0.012900	0.162999	0.079821	0.384669	0.201267	0.017089	0.096235	
0.007438	8	18	23	27	29	39					0.051541	0.168350	0.076508	0.400649	0.204032	0.098921	
0.007453	8	18	23	27	29	39					0.050101	0.168991	0.079541	0.396111	0.204972	0.100284	
0.007468	8	18	23	27	29	38	39				0.045159	0.166041	0.083303	0.386280	0.205070	0.014591	0.099556	
0.007483	8	18	23	27	29	38	39				0.044654	0.167641	0.086142	0.383154	0.206235	0.010696	0.101477	
0.007499	8	18	23	27	29	39					0.045782	0.170917	0.088641	0.382494	0.207793	0.104373	
0.007514	8	18	23	27	29	39					0.044343	0.171559	0.091674	0.377955	0.208733	0.105736	
0.007529	8	18	23	27	29	39					0.042903	0.172201	0.094707	0.373416	0.209673	0.107099	
0.007544	8	18	23	27	29	39					0.041464	0.172842	0.097741	0.368878	0.210613	0.108462	
0.007559	8	18	23	27	29	39					0.040024	0.173484	0.100774	0.364339	0.211554	0.109825	
0.007574	8	18	23	27	29	39					0.038584	0.174126	0.103807	0.359800	0.212494	0.111188	
0.007589	8	18	23	27	29	39					0.037145	0.174768	0.106841	0.355261	0.213434	0.112551	
0.007604	8	18	23	27	29	39					0.035705	0.175410	0.109874	0.350722	0.214374	0.113914	
0.007619	8	18	23	27	29	39					0.034266	0.176052	0.112907	0.346184	0.215314	0.115277	
0.007635	8	18	23	27	29	39					0.032826	0.176694	0.115940	0.341645	0.216255	0.116640	
0.007650	8	18	23	27	29	39					0.031387	0.177335	0.118974	0.337106	0.217195	0.118003	
0.007665	8	18	23	27	29	39					0.029947	0.177977	0.122007	0.332567	0.218135	0.119366	
0.007680	8	18	23	27	29	39					0.028507	0.178619	0.125040	0.328028	0.219075	0.120729	
0.007695	8	18	23	27	29	39					0.027068	0.179261	0.128074	0.323489	0.220016	0.122092	
0.007710	8	18	23	27	29	39					0.025628	0.179903	0.131107	0.318951	0.220956	0.123455	
0.007725	8	18	23	27	29	39					0.024189	0.180545	0.134140	0.314412	0.221896	0.124818	
0.007740	8	18	23	27	29	39					0.022749	0.181187	0.137174	0.309873	0.222836	0.126181	
0.007755	8	18	23	27	29	39					0.021310	0.181828	0.140207	0.305334	0.223777	0.127544	
0.007771	8	18	23	27	29	39					0.019870	0.182470	0.143240	0.300795	0.224717	0.128907	
0.007786	8	18	23	27	29	39					0.018430	0.183112	0.146273	0.296256	0.225657	0.130270	
0.007801	8	18	23	27	29	39					0.016991	0.183754	0.149307	0.291718	0.226597	0.131633	
0.007816	8	18	23	27	29	39					0.015551	0.184396	0.152340	0.287179	0.227538	0.132996	
0.007831	8	18	23	27	29	39					0.014112	0.185038	0.155373	0.282640	0.228478	0.134359	
0.007846	8	18	23	27	29	39					0.012672	0.185679	0.158407	0.278101	0.229418	0.135722	
0.007861	8	18	23	27	29	39					0.011233	0.186321	0.161440	0.273562	0.230358	0.137085	
0.007876	18	23	27	29	39						0.192663	0.163631	0.267918	0.234948	0.140840	
0.007891	18	23	27	29	39						0.192467	0.166788	0.263542	0.235352	0.141851	
0.007907	18	23	27	29	39						0.192271	0.169945	0.259165	0.235756	0.142863	
0.007922	18	23	27	29	39						0.192075	0.173102	0.254789	0.236159	0.143874	
0.007937	18	23	27	29	39						0.191879	0.176259	0.250413	0.236563	0.144886	
0.007952	18	23	27	29	39						0.191683	0.179417	0.246036	0.236967	0.145897	
0.007967	18	23	27	29	39						0.191487	0.182574	0.241660	0.237371	0.146909	
0.007982	18	23	27	29	39						0.191291	0.185731	0.237284	0.237775	0.147920	
0.007997	18	23	27	29	39						0.191095	0.188888	0.232907	0.238178	0.148932	
0.008012	18	23	27	29	39						0.190899	0.192045	0.228531	0.238582	0.149943	
0.008027	18	23	27	29	39						0.190703	0.195202	0.224155	0.238986	0.150955	
0.008043	18	23	27	29	39						0.190507	0.198359	0.219779	0.239390	0.151966	
0.008058	18	23	27	29	39						0.190311	0.201516	0.215402	0.239793	0.152978	
0.008073	18	23	27	29	39						0.190115	0.204673	0.211026	0.240197	0.153989	
0.008088	18	23	27	29	39						0.189919	0.207830	0.206650	0.240601	0.155001	
0.008103	18	23	27	29	39						0.189723	0.210987	0.202273	0.241005	0.156012	
0.008118	18	23	27	29	39						0.189527	0.214144	0.197897	0.241408	0.157024	
0.008133	18	23	27	29	39						0.189331	0.217301	0.193521	0.241812	0.158035	
0.008148	18	23	27	29	39						0.189135	0.220458	0.189144	0.242216	0.159047	
0.008163	18	23	27	29	39						0.188939	0.223615	0.184768	0.242620	0.160058	
0.008179	18	23	27	29	39						0.188743	0.226772	0.180392	0.243023	0.161070	
0.008194	18	23	27	29	39						0.188547	0.229929	0.176015	0.243427	0.162081	
0.008209	18	23	27	29	39						0.188351	0.233087	0.171639	0.243831	0.163093	
0.008224	18	23	27	29	39						0.188155	0.236244	0.167263	0.244235	0.164104	
0.008239	18	23	27	29	39						0.187959	0.239401	0.162887	0.244638	0.165116	
0.008254	18	23	27	29	39						0.187763	0.242558	0.158510	0.245042	0.166127	
0.008269	18	23	27	29	39						0.187567	0.245715	0.154134	0.245446	0.167139	
0.008284	18	23	27	29	39						0.187371	0.248872	0.149758	0.245850	0.168150	
0.008299	18	23	27	29	39						0.187175	0.252029	0.145381	0.246253	0.169161	
0.008315	18	23	27	29	39						0.186979	0.255186	0.141005	0.246657	0.170173	
0.008330	18	23	27	29	39						0.186783	0.258343	0.136629	0.247061	0.171184	
0.008345	18	23	27	29	39						0.186587	0.261500	0.132252	0.247465	0.172196	
0.008360	18	23	27	29	39						0.186391	0.264657	0.127876	0.247868	0.173207	
0.008375	18	23	27	29	39						0.186195	0.267814	0.123500	0.248272	0.174219	
0.008390	18	23	27	29	39						0.185999	0.270971	0.119123	0.248676	0.175230	
0.008405	18	23	27	29	39						0.185803	0.274128	0.114747	0.249080	0.176242	
0.008420	18	23	27	29	39						0.185607	0.277285	0.110371	0.249484	0.177253	
0.008435	18	23	27	29	39						0.185411	0.280442	0.105995	0.249887	0.178265	
0.008451	18	23	27	29	39						0.185215	0.283599	0.101618	0.250291	0.179276	
0.008466	18	23	27	29	39						0.185019	0.286757	0.097242	0.250695	0.180288	
0.008481	18	23	27	29	39						0.184823	0.289914	0.092866	0.251099	0.181299	
0.008496	18	23	27	29	39						0.184627	0.293071	0.088489	0.251502	0.182311	
0.008511	18	23	27	29	39						0.184431	0.296228	0.084113	0.251906	0.183322	
0.008526	18	23	27	29	39						0.184235	0.299385	0.079737	0.252310	0.184334	
0.008541	18	23	27	29	39						0.184039	0.302542	0.075360	0.252714	0.185345	
0.008556	18	23	27	29	39						0.183843	0.305699	0.070984	0.253117	0.186357	
0.008571	18	23	27	29	39						0.183647	0.308856	0.066608	0.253521	0.187368	
0.008587	18	23	27	29	39						0.183451	0.312013	0.062231	0.253925	0.188380	
0.008602	18	23	27	29	39						0.183255	0.315170	0.057855	0.254329	0.189391	
0.008617	18	23	27	29	39						0.183059	0.318327	0.053479	0.254732	0.190403	
0.008632	18	23	27	29	39						0.182863	0.321484	0.049102	0.255136	0.191414	
0.008647	18	23	27	29	39						0.182667	0.324641	0.044726	0.255540	0.192426	
0.008662	18	23	27	29	39						0.182471	0.327798	0.040350	0.255944	0.193437	
0.008677	18	23	27	29	39						0.182275	0.330955	0.035974	0.256347	0.194449	
0.008692	18	23	27	29	39						0.182079	0.334112	0.031597	0.256751	0.195460	
0.008707	18	23	27	29	39						0.181883	0.337269	0.027221	0.257155	0.196472	
0.008723	18	23	27	29	39						0.181687	0.340427	0.022845	0.257559	0.197483	
0.008738	18	23	27	29	39						0.181491	0.343584	0.018468	0.257962	0.198495	
0.008753	18	23	27	29	39						0.181295	0.346741	0.014092	0.258366	0.199506	
0.008768	18	23	29	39							0.188721	0.349075	0.260447	0.201757	
0.008783	18	23	29	39							0.185092	0.352603	0.260095	0.202210	
0.008798	18	23	29	39							0.181462	0.356130	0.259744	0.202664	
0.008813	18	23	29	39							0.177833	0.359658	0.259392	0.203117	
0.008828	18	23	29	39							0.174204	0.363186	0.259040	0.203570	
0.008843	18	23	29	39							0.170575	0.366713	0.258689	0.204023	
0.008859	18	23	29	39							0.166945	0.370241	0.258337	0.204477	
0.008874	18	23	29	39							0.163316	0.373769	0.257985	0.204930	
0.008889	18	23	29	39							0.159687	0.377297	0.257633	0.205383	
0.008904	18	23	29	39							0.156057	0.380824	0.257282	0.205837	
0.008919	18	23	29	39							0.152428	0.384352	0.256930	0.206290	
0.008934	18	23	29	39							0.148799	0.387880	0.256578	0.206743	
0.008949	18	23	29	39							0.145169	0.391408	0.256227	0.207197	
0.008964	18	23	29	39							0.141540	0.394935	0.255875	0.207650	
0.008979	18	23	29	39							0.137911	0.398463	0.255523	0.208103	
0.008995	18	23	29	39							0.134281	0.401991	0.255171	0.208556	
0.009010	18	23	29	39							0.130652	0.405518	0.254820	0.209010	
0.009025	18	23	29	39							0.127023	0.409046	0.254468	0.209463	
0.009040	18	23	29	39							0.123394	0.412574	0.254116	0.209916	
0.009055	18	23	29	39							0.119764	0.416102	0.253765	0.210370	
0.009070	18	23	29	39							0.116135	0.419629	0.253413	0.210823	
0.009085	18	23	29	39							0.112506	0.423157	0.253061	0.211276	
0.009100	18	23	29	39							0.108876	0.426685	0.252709	0.211729	
0.009115	18	23	29	39							0.105247	0.430213	0.252358	0.212183	
0.009131	18	23	29	39							0.101618	0.433740	0.252006	0.212636	
0.009146	18	23	29	39							0.097988	0.437268	0.251654	0.213089	
0.009161	18	23	29	39							0.094359	0.440796	0.251303	0.213543	
0.009176	18	23	29	39							0.090730	0.444323	0.250951	0.213996	
0.009191	18	23	29	39							0.087100	0.447851	0.250599	0.214449	
0.009206	18	23	29	39							0.083471	0.451379	0.250247	0.214903	
0.009221	18	23	29	39							0.079842	0.454907	0.249896	0.215356	
0.009236	18	23	29	39							0.076213	0.458434	0.249544	0.215809	
0.009251	18	23	29	39							0.072583	0.461962	0.249192	0.216262	
0.009267	18	23	29	39							0.068954	0.465490	0.248841	0.216716	
0.009282	18	23	29	39							0.065325	0.469018	0.248489	0.217169	
0.009297	18	23	29	39							0.061695	0.472545	0.248137	0.217622	
0.009312	18	23	29	39							0.058066	0.476073	0.247785	0.218076	
0.009327	18	23	29	39							0.054437	0.479601	0.247434	0.218529	
0.009342	18	23	29	39							0.050807	0.483128	0.247082	0.218982	
0.009357	18	23	29	39							0.047178	0.486656	0.246730	0.219436	
0.009372	18	23	29	39							0.043549	0.490184	0.246378	0.219889	
0.009387	18	23	29	39							0.039919	0.493712	0.246027	0.220342	
0.009403	18	23	29	39							0.036290	0.497239	0.245675	0.220795	
0.009418	18	23	29	39							0.032661	0.500767	0.245323	0.221249	
0.009433	18	23	29	39							0.029032	0.504295	0.244972	0.221702	
0.009448	18	23	29	39							0.025402	0.507823	0.244620	0.222155	
0.009463	18	23	29	39							0.021773	0.511350	0.244268	0.222609	
0.009478	18	23	29	39							0.018144	0.514878	0.243916	0.223062	
0.009493	18	23	29	39							0.014514	0.518406	0.243565	0.223515	
0.009508	18	23	29	39							0.010885	0.521933	0.243213	0.223968	
0.009523	23	29	39								0.525288	0.246972	0.227740	
0.009539	23	29	39								0.528902	0.244564	0.226534	
0.009554	23	29	39								0.532517	0.242156	0.225327	
0.009569	23	29	39								0.536131	0.239748	0.224120	
0.009584	23	29	39								0.539745	0.237341	0.222914	
0.009599	23	29	39								0.543360	0.234933	0.221707	
0.009614	23	29	39								0.546974	0.232525	0.220501	
0.009629	23	29	39								0.550588	0.230117	0.219294	
0.009644	23	29	39								0.554202	0.227710	0.218088	
0.009659	23	29	39								0.557817	0.225302	0.216881	
0.009675	23	29	39								0.561431	0.222894	0.215675	
0.009690	23	29	39								0.565045	0.220486	0.214468	
0.009705	23	29	39								0.568660	0.218079	0.213262	
0.009720	23	29	39								0.572274	0.215671	0.212055	
0.009735	23	29	39								0.575888	0.213263	0.210849	
0.009750	23	29	39								0.579503	0.210855	0.209642	
0.009765	23	29	39								0.583117	0.208448	0.208436	
0.009780	23	29	39								0.586731	0.206040	0.207229	
0.009795	23	29	39								0.590345	0.203632	0.206022	
0.009811	23	29	39								0.593960	0.201224	0.204816	
0.009826	23	29	39								0.597574	0.198817	0.203609	
0.009841	23	29	39								0.601188	0.196409	0.202403	
0.009856	23	29	39								0.604803	0.194001	0.201196	
0.009871	23	29	39								0.608417	0.191593	0.199990	
0.009886	23	29	39								0.612031	0.189186	0.198783	
0.009901	23	29	39								0.615645	0.186778	0.197577	
0.009916	23	29	39								0.619260	0.184370	0.196370	
0.009931	23	29	39								0.622874	0.181962	0.195164	
0.009947	23	29	39								0.626488	0.179555	0.193957	
0.009962	23	29	39								0.630103	0.177147	0.192751	
0.009977	23	29	39								0.633717	0.174739	0.191544	
0.009992	23	29	39								0.637331	0.172331	0.190337	
0.010007	23	29	39								0.640945	0.169924	0.189131	
0.010022	23	29	39								0.644560	0.167516	0.187924	
0.010037	23	29	39								0.648174	0.165108	0.186718	
0.010052	23	29	39								0.651788	0.162700	0.185511	
0.010067	23	29	39								0.655403	0.160293	0.184305	
0.010083	23	29	39								0.659017	0.157885	0.183098	
0.010098	23	29	39								0.662631	0.155477	0.181892	
0.010113	23	29	39								0.666245	0.153069	0.180685	
0.010128	23	29	39								0.669860	0.150662	0.179479	
0.010143	23	29	39								0.673474	0.148254	0.178272	
0.010158	23	29	39								0.677088	0.145846	0.177066	
0.010173	23	29	39								0.680703	0.143438	0.175859	
0.010188	23	29	39								0.684317	0.141031	0.174653	
0.010203	23	29	39								0.687931	0.138623	0.173446	
0.010219	23	29	39								0.691545	0.136215	0.172239	
0.010234	23	29	39								0.695160	0.133807	0.171033	
0.010249	23	29	39								0.698774	0.131400	0.169826	
0.010264	23	29	39								0.702388	0.128992	0.168620	
0.010279	23	29	39								0.706003	0.126584	0.167413	
0.010294	23	29	39								0.709617	0.124176	0.166207	
0.010309	23	29	39								0.713231	0.121769	0.165000	
0.010324	23	29	39								0.716845	0.119361	0.163794	
0.010339	23	29	39								0.720460	0.116953	0.162587	
0.010355	23	29	39								0.724074	0.114545	0.161381	
0.010370	23	29	39								0.727688	0.112138	0.160174	
0.010385	23	29	39								0.731303	0.109730	0.158968	
0.010400	23	29	39								0.734917	0.107322	0.157761	
0.010415	23	29	39								0.738531	0.104914	0.156554	
0.010430	23	29	39								0.742146	0.102507	0.155348	
0.010445	23	29	39								0.745760	0.100099	0.154141	
0.010460	23	29	39								0.749374	0.097691	0.152935	
0.010475	23	29	39								0.752988	0.095283	0.151728	
0.010490	23	29	39								0.756603	0.092876	0.150522	
0.010506	23	29	39								0.760217	0.090468	0.149315	
0.010521	23	29	39								0.763831	0.088060	0.148109	
0.010536	23	29	39								0.767446	0.085652	0.146902	
0.010551	23	29	39								0.771060	0.083245	0.145696	
0.010566	23	29	39								0.774674	0.080837	0.144489	
0.010581	23	29	39								0.778288	0.078429	0.143283	
0.010596	23	29	39								0.781903	0.076021	0.142076	
0.010611	23	29	39								0.785517	0.073614	0.140870	
0.010626	23	29	39								0.789131	0.071206	0.139663	
0.010642	23	29	39								0.792746	0.068798	0.138456	
0.010657	23	29	39								0.796360	0.066390	0.137250	
0.010672	23	29	39								0.799974	0.063982	0.136043	
0.010687	23	29	39								0.803588	0.061575	0.134837	
0.010702	23	29	39								0.807203	0.059167	0.133630	
0.010717	23	29	39								0.810817	0.056759	0.132424	
0.010732	23	29	39								0.814431	0.054351	0.131217	
0.010747	23	29	39								0.818046	0.051944	0.130011	
0.010762	23	29	39								0.821660	0.049536	0.128804	
0.010778	23	29	39								0.825274	0.047128	0.127598	
0.010793	23	29	39								0.828888	0.044720	0.126391	
0.010808	23	29	39								0.832503	0.042313	0.125185	
0.010823	23	29	39								0.836117	0.039905	0.123978	
0.010838	23	29	39								0.839731	0.037497	0.122771	
0.010853	23	29	39								0.843346	0.035089	0.121565	
0.010868	23	29	39								0.846960	0.032682	0.120358	
0.010883	23	29	39								0.850574	0.030274	0.119152	
0.010898	23	29	39								0.854188	0.027866	0.117945	
0.010914	23	29	39								0.857803	0.025458	0.116739	
0.010929	23	29	39								0.861417	0.023051	0.115532	
0.010944	23	29	39								0.865031	0.020643	0.114326	
0.010959	23	29	39								0.868646	0.018235	0.113119	
0.010974	23	29	39								0.872260	0.015827	0.111913	
0.010989	23	29	39								0.875874	0.013420	0.110706	
0.011004	23	29	39								0.879489	0.011012	0.109500	
0.011019	23	39									0.882831	0.117169	
0.011034	23	39									0.886521	0.113479	
0.011050	23	39									0.890212	0.109788	
0.011065	23	39									0.893902	0.106098	
0.011080	23	39									0.897592	0.102408	
0.011095	23	39									0.901283	0.098717	
0.011110	23	39									0.904973	0.095027	
0.011125	23	39									0.908663	0.091337	
0.011140	23	39									0.912354	0.087646	
0.011155	23	39									0.916044	0.083956	
0.011170	23	39									0.919735	0.080265	
0.011186	23	39									0.923425	0.076575	
0.011201	23	39									0.927115	0.072885	
0.011216	23	39									0.930806	0.069194	
0.011231	23	39									0.934496	0.065504	
0.011246	23	39									0.938186	0.061814	
0.011261	23	39									0.941877	0.058123	
0.011276	23	39									0.945567	0.054433	
0.011291	23	39									0.949257	0.050743	
0.011306	23	39									0.952948	0.047052	
0.011322	23	39									0.956638	0.043362	
0.011337	23	39									0.960329	0.039671	
0.011352	23	39									0.964019	0.035981	
0.011367	23	39									0.967709	0.032291	
0.011382	23	39									0.971400	0.028600	
0.011397	23	39									0.975090	0.024910	
0.011412	23	39									0.978780	0.021220	
0.011427	23	39									0.982471	0.017529	
0.011442	23	39									0.986161	0.013839	
0.011458	23	39									0.989851	0.010149	
0.011473											
0.011488											
