0.002252674493	0.00016829	0.00012449	0.00011303	0.00010373	9.8962e-005	9.501e-005	9.2382e-005	9.0526e-005	8.9064e-005	8.250792488e-005
0.002288438118	0.0001704	0.00012336	0.00011215	0.00010437	9.9545e-005	9.5075e-005	9.2572e-005	9.0474e-005	8.8857e-005	8.251778155e-005
0.002324201743	0.00016554	0.00012351	0.00011049	0.00010417	9.9132e-005	9.5068e-005	9.2445e-005	9.0531e-005	8.8753e-005	8.254654394e-005
0.002359965368	0.00016224	0.00012495	0.00010998	0.00010487	9.9018e-005	9.5341e-005	9.2546e-005	9.0699e-005	8.8752e-005	8.258935939e-005
0.002395728993	0.0001605	0.00012764	0.00011062	0.00010551	9.9203e-005	9.5745e-005	9.278e-005	9.0869e-005	8.8853e-005	8.264800424e-005
0.002431492618	0.00016033	0.00012599	0.0001124	0.00010564	9.9231e-005	9.6116e-005	9.2944e-005	9.0792e-005	8.9057e-005	8.271923415e-005
0.002467256243	0.00016173	0.00012588	0.0001134	0.0001051	9.9355e-005	9.5938e-005	9.311e-005	9.0754e-005	8.9363e-005	8.280649671e-005
0.002503019868	0.0001627	0.0001273	0.00011329	0.00010449	9.9663e-005	9.5929e-005	9.3425e-005	9.0858e-005	8.9568e-005	8.290826109e-005
0.002538783494	0.0001621	0.00013026	0.00011363	0.00010413	0.00010015	9.6074e-005	9.3716e-005	9.1101e-005	8.9636e-005	8.302660067e-005
0.002574547119	0.00016234	0.00012928	0.00011334	0.00010405	0.00010083	9.6309e-005	9.3807e-005	9.1485e-005	8.9834e-005	8.315669439e-005
0.002610310744	0.0001634	0.00012777	0.00011295	0.00010423	0.00010058	9.6706e-005	9.4056e-005	9.18e-005	9.0161e-005	8.330353382e-005
0.002646074369	0.0001653	0.000127	0.00011324	0.00010467	0.00010058	9.7264e-005	9.4242e-005	9.1952e-005	9.0617e-005	8.346042022e-005
0.002681837994	0.00016802	0.00012696	0.00011424	0.00010538	0.00010081	9.7778e-005	9.4258e-005	9.2173e-005	9.0759e-005	8.363178472e-005
0.002717601619	0.00017158	0.00012765	0.00011592	0.00010635	0.00010121	9.8016e-005	9.4353e-005	9.2463e-005	9.0904e-005	8.381766486e-005
0.002753365244	0.00017596	0.00012908	0.00011664	0.00010758	0.00010175	9.8337e-005	9.4527e-005	9.2824e-005	9.1112e-005	8.401501815e-005
0.002789128869	0.00018118	0.00013124	0.00011725	0.0001076	0.00010193	9.8432e-005	9.478e-005	9.3194e-005	9.1384e-005	8.422301158e-005
0.002824892495	0.00018711	0.00013413	0.00011817	0.00010781	0.00010208	9.8417e-005	9.5112e-005	9.3466e-005	9.172e-005	8.44498425e-005
0.00286065612	0.00018983	0.00013685	0.00011939	0.0001083	0.00010233	9.8498e-005	9.5523e-005	9.3817e-005	9.212e-005	8.468280091e-005
0.002896419745	0.00019301	0.00013722	0.00011959	0.00010908	0.00010269	9.8676e-005	9.6014e-005	9.4245e-005	9.2583e-005	8.493128128e-005
0.00293218337	0.0001956	0.00013799	0.00011971	0.00011014	0.00010314	9.895e-005	9.6583e-005	9.4745e-005	9.2943e-005	8.51934529e-005
0.002967946995	0.00019788	0.00013914	0.00011969	0.00011105	0.00010369	9.9321e-005	9.7191e-005	9.5163e-005	9.3337e-005	8.546970665e-005
0.00300371062	0.00020047	0.00014068	0.00011995	0.00011168	0.00010434	9.9788e-005	9.76e-005	9.559e-005	9.3799e-005	8.575117737e-005
0.003039474245	0.00020338	0.00014261	0.00012048	0.00011224	0.00010509	0.00010035	9.8051e-005	9.6075e-005	9.4287e-005	8.604938369e-005
0.00307523787	0.00019643	0.00014303	0.00012129	0.00011192	0.00010536	0.00010101	9.8544e-005	9.661e-005	9.4664e-005	8.636043565e-005
0.003111001495	0.00019934	0.00014157	0.00012238	0.0001118	0.00010562	0.00010177	9.8904e-005	9.7073e-005	9.5092e-005	8.668546301e-005
0.003146765121	0.00019723	0.00014005	0.00012289	0.00011189	0.00010562	0.00010262	9.9276e-005	9.7577e-005	9.5573e-005	8.702433141e-005
0.003182528746	0.00019563	0.00013906	0.00012257	0.00011219	0.00010582	0.00010346	9.9758e-005	9.8121e-005	9.6107e-005	8.737715495e-005
0.003218292371	0.00019455	0.00013857	0.00012275	0.00011269	0.00010622	0.00010349	0.00010035	9.8424e-005	9.6693e-005	8.774714553e-005
0.003254055996	0.00019398	0.0001386	0.00012316	0.0001134	0.00010683	0.00010362	0.00010105	9.875e-005	9.7153e-005	8.812709331e-005
0.003289819621	0.00019393	0.00013914	0.00012352	0.00011344	0.00010764	0.00010392	0.00010151	9.9151e-005	9.7614e-005	8.851963625e-005
0.003325583246	0.00019439	0.00014019	0.00012439	0.00011323	0.00010866	0.00010438	0.00010198	9.9629e-005	9.7991e-005	8.892812988e-005
0.003361346871	0.00019538	0.00014176	0.00012577	0.00011336	0.00010967	0.00010501	0.00010252	0.00010018	9.8412e-005	8.935028937e-005
0.003397110496	0.00019546	0.00014384	0.000126	0.00011385	0.00010982	0.00010581	0.00010311	0.00010081	9.8903e-005	8.978638163e-005
0.003432874122	0.0001959	0.00014643	0.00012624	0.00011469	0.00010988	0.00010677	0.00010377	0.00010152	9.9466e-005	9.023650294e-005
0.003468637747	0.000197	0.00014817	0.00012684	0.00011588	0.00011022	0.00010744	0.00010436	0.00010211	0.0001001	9.070192378e-005
0.003504401372	0.00019877	0.00014757	0.00012781	0.00011743	0.00011084	0.000108	0.00010493	0.00010257	0.00010062	9.117891147e-005
0.003540164997	0.0002012	0.00014811	0.00012915	0.00011932	0.00011174	0.00010846	0.00010559	0.000103	0.00010113	9.167076744e-005
0.003575928622	0.0002043	0.00014977	0.00013086	0.00012143	0.00011293	0.00010916	0.00010636	0.00010346	0.00010163	9.217658541e-005
0.003611692247	0.00020315	0.00015257	0.00013293	0.00012235	0.00011404	0.00010989	0.00010711	0.00010395	0.00010215	9.269629906e-005
0.003647455872	0.00020221	0.00015409	0.00013537	0.00012357	0.00011453	0.00011057	0.00010774	0.00010448	0.00010256	9.322924089e-005
0.003683219497	0.00020265	0.00015504	0.00013653	0.00012475	0.0001151	0.0001113	0.00010841	0.00010504	0.000103	9.377650002e-005
0.003718983122	0.00020261	0.00015652	0.00013797	0.00012502	0.00011576	0.00011208	0.00010893	0.00010563	0.00010347	9.433523314e-005
0.003754746748	0.00020418	0.00015494	0.00013881	0.00012539	0.0001165	0.00011272	0.00010944	0.00010625	0.00010397	9.490582442e-005
0.003790510373	0.00019896	0.00015452	0.00013987	0.00012585	0.00011733	0.00011337	0.00010998	0.0001069	0.0001045	9.548976452e-005
0.003826273998	0.00021227	0.00015525	0.00014115	0.0001264	0.00011811	0.00011411	0.00011055	0.00010759	0.00010505	9.607932887e-005
0.003862037623	0.00021878	0.00015713	0.00014038	0.00012705	0.00011888	0.0001149	0.00011116	0.00010831	0.00010564	9.668080689e-005
0.003897801248	0.00022587	0.00016016	0.00014034	0.00012779	0.00011971	0.0001156	0.0001118	0.00010906	0.00010625	9.728859528e-005
0.003933564873	0.00022559	0.00016434	0.00014118	0.00012861	0.0001206	0.00011636	0.00011248	0.00010984	0.00010689	9.790642595e-005
0.003969328498	0.00022542	0.00016967	0.00014292	0.00012954	0.00012154	0.00011692	0.00011319	0.00011052	0.00010756	9.853270615e-005
0.004005092123	0.00022536	0.0001725	0.00014425	0.00013055	0.00012254	0.00011749	0.00011393	0.00011118	0.00010826	9.916925722e-005
0.004040855749	0.0002254	0.00017364	0.00014488	0.00013166	0.00012359	0.0001181	0.00011446	0.00011186	0.00010899	9.981250463e-005
0.004076619374	0.00022556	0.00017488	0.00014597	0.00013285	0.0001247	0.00011876	0.00011503	0.00011255	0.00010974	0.0001004669176
0.004112382999	0.00022582	0.00017622	0.00014752	0.00013415	0.00012587	0.00011945	0.00011564	0.00011324	0.00011053	0.0001011300391
0.004148146624	0.00022386	0.00017765	0.00014952	0.00013553	0.00012709	0.00012017	0.00011628	0.00011396	0.00011127	0.0001017999994
0.004183910249	0.00022665	0.00017917	0.00015095	0.000137	0.00012837	0.00012094	0.00011697	0.00011465	0.00011194	0.0001024817439
0.004219673874	0.00022692	0.0001808	0.00015221	0.00013857	0.0001297	0.00012174	0.00011768	0.00011522	0.00011265	0.0001031702591
0.004255437499	0.0002273	0.00018252	0.00015372	0.00013986	0.00013082	0.00012258	0.00011844	0.00011582	0.00011338	0.0001038693295
0.004291201124	0.00022779	0.00018341	0.00015547	0.00014065	0.00013154	0.00012346	0.00011923	0.00011645	0.00011414	0.0001045790201
0.004326964749	0.0002284	0.00018345	0.00015707	0.00014166	0.00013231	0.00012438	0.00012006	0.00011712	0.00011492	0.0001052980094
0.004362728375	0.00022913	0.00018507	0.00015794	0.0001429	0.00013312	0.00012533	0.00012093	0.00011781	0.0001156	0.0001060211843
0.004398492	0.00022998	0.00018557	0.00015876	0.00014436	0.00013396	0.00012633	0.00012184	0.00011854	0.00011629	0.00010676114
0.004434255625	0.00023094	0.00018681	0.00015964	0.00014559	0.00013485	0.00012731	0.00012278	0.00011931	0.000117	0.0001075069675
0.00447001925	0.00023202	0.00018836	0.0001606	0.00014644	0.00013577	0.00012816	0.00012376	0.0001201	0.00011775	0.0001082589353
0.004505782875	0.00023322	0.00018967	0.00016162	0.00014736	0.00013674	0.00012905	0.00012477	0.00012093	0.00011853	0.0001090252532
0.0045415465	0.00023453	0.00019109	0.00016272	0.00014834	0.00013774	0.00012997	0.00012582	0.00012179	0.00011934	0.0001098025169
0.004577310125	0.00023596	0.00019262	0.00016388	0.00014933	0.00013878	0.00013094	0.00012691	0.00012268	0.00012019	0.0001105906401
0.00461307375	0.00023751	0.00019425	0.00016512	0.00015018	0.00013986	0.00013194	0.00012804	0.0001236	0.00012107	0.0001113895159
0.004648837376	0.00023917	0.000196	0.00016642	0.00015107	0.00014099	0.00013298	0.00012893	0.00012456	0.00012197	0.0001122014796
0.004684601001	0.00024095	0.00019785	0.0001678	0.00015202	0.00014215	0.00013407	0.0001298	0.00012555	0.00012291	0.0001130218512
0.004720364626	0.00024284	0.0001998	0.00016924	0.00015303	0.00014335	0.00013519	0.00013071	0.00012657	0.00012389	0.0001138557515
0.004756128251	0.00024486	0.00020187	0.00017076	0.00015404	0.00014459	0.00013635	0.00013165	0.00012759	0.00012489	0.0001146968443
0.004791891876	0.00024699	0.00020404	0.00017234	0.00015499	0.00014586	0.00013755	0.00013263	0.00012847	0.00012593	0.0001155498892
0.004827655501	0.00024923	0.00020535	0.000174	0.00015597	0.00014718	0.00013878	0.00013364	0.00012939	0.00012699	0.0001164126213
0.004863419126	0.0002516	0.00020669	0.00017572	0.000157	0.00014833	0.00014005	0.00013469	0.00013035	0.00012802	0.0001172862028
0.004899182751	0.00025408	0.0002082	0.00017752	0.00015806	0.00014944	0.00014114	0.00013576	0.00013134	0.00012896	0.0001181715845
0.004934946376	0.00025667	0.00020988	0.00017938	0.00015915	0.00015061	0.00014229	0.00013686	0.00013237	0.00012995	0.0001190680414
0.004970710002	0.00025939	0.00021172	0.00018132	0.00016029	0.00015169	0.00014347	0.00013779	0.00013343	0.00013097	0.000119976166
0.005006473627	0.00026222	0.00021373	0.00018332	0.00016146	0.00015267	0.0001447	0.00013877	0.00013453	0.00013202	0.0001208942858
0.005042237252	0.00026516	0.00021591	0.0001854	0.00016268	0.0001537	0.00014597	0.00013979	0.00013567	0.00013311	0.0001218243706
0.005078000877	0.00026823	0.00021826	0.00018656	0.00016393	0.00015476	0.00014729	0.00014084	0.00013684	0.00013412	0.0001227686169
0.005113764502	0.00027141	0.00022016	0.00018773	0.00016522	0.00015585	0.00014864	0.00014193	0.00013805	0.00013504	0.0001237185507
0.005149528127	0.0002747	0.00022144	0.00018895	0.00016654	0.00015698	0.00015003	0.00014306	0.0001393	0.00013598	0.0001246829228
0.005185291752	0.00027812	0.0002228	0.00019021	0.00016791	0.00015815	0.00015117	0.00014423	0.00014058	0.00013694	0.0001256555442
0.005221055377	0.00028165	0.00022425	0.00019152	0.00016931	0.00015935	0.00015229	0.00014544	0.0001419	0.00013793	0.0001266411576
0.005256819003	0.00028529	0.00022579	0.00019287	0.00017075	0.00016059	0.00015324	0.00014668	0.00014305	0.00013893	0.0001276413348
0.005292582628	0.00028906	0.00022741	0.00019427	0.00017223	0.00016186	0.00015416	0.00014796	0.00014398	0.00013996	0.0001286480925
0.005328346253	0.00029264	0.00022912	0.00019571	0.00017375	0.00016317	0.0001551	0.0001492	0.00014493	0.00014101	0.0001296645429
0.005364109878	0.00029552	0.00023092	0.0001972	0.0001753	0.00016449	0.00015608	0.0001502	0.00014591	0.00014208	0.000130693999
0.005399873503	0.00029858	0.00023281	0.00019873	0.0001769	0.00016562	0.00015708	0.00015122	0.00014684	0.00014315	0.0001317343998
0.005435637128	0.00030181	0.00023399	0.0002003	0.00017853	0.00016679	0.00015811	0.00015227	0.00014775	0.00014409	0.0001327814171
0.005471400753	0.00030521	0.00023518	0.00020192	0.0001802	0.00016798	0.00015916	0.00015335	0.00014868	0.00014505	0.0001338481024
0.005507164378	0.00030523	0.00023641	0.0002033	0.00018191	0.0001692	0.00016024	0.00015446	0.00014964	0.00014604	0.0001349173656
0.005542928004	0.0003054	0.0002377	0.00020453	0.00018365	0.00017045	0.00016135	0.00015559	0.00015062	0.00014705	0.0001360019568
0.005578691629	0.00030596	0.00023903	0.0002058	0.00018544	0.00017173	0.00016249	0.00015675	0.00015162	0.00014809	0.0001370975669
0.005614455254	0.00030689	0.00024041	0.00020712	0.00018704	0.00017304	0.00016366	0.00015794	0.00015265	0.00014915	0.0001382038737
0.005650218879	0.00030821	0.00024184	0.00020849	0.00018821	0.00017437	0.00016485	0.00015915	0.0001537	0.00015023	0.00013932004
0.005685982504	0.00030992	0.00024332	0.0002099	0.00018941	0.00017574	0.00016607	0.00016039	0.00015478	0.00015134	0.00014044717
0.005721746129	0.000312	0.00024485	0.00021135	0.00019064	0.00017713	0.00016731	0.00016166	0.00015588	0.00015248	0.000141586121
0.005757509754	0.00031447	0.00024642	0.00021285	0.00019191	0.00017855	0.00016859	0.00016288	0.00015701	0.00015364	0.0001427328196
0.005793273379	0.00031732	0.00024805	0.00021439	0.00019322	0.00018	0.00016989	0.00016404	0.00015816	0.00015482	0.0001438933419
0.005829037004	0.00032055	0.00024972	0.00021598	0.00019456	0.00018148	0.00017122	0.00016523	0.00015934	0.00015603	0.0001450703006
0.00586480063	0.00032417	0.00025144	0.00021761	0.00019593	0.00018299	0.00017257	0.0001664	0.00016054	0.00015726	0.0001462538007
0.005900564255	0.00032817	0.00025321	0.00021929	0.00019734	0.00018453	0.00017395	0.00016753	0.00016177	0.00015852	0.0001474413844
0.00593632788	0.00033255	0.00025502	0.00022101	0.00019878	0.00018609	0.00017536	0.0001687	0.00016302	0.0001598	0.000148647596
0.005972091505	0.00033731	0.00025689	0.00022277	0.00020025	0.00018768	0.0001768	0.00016988	0.00016429	0.0001611	0.0001498663492
0.00600785513	0.00034246	0.0002588	0.00022436	0.00020176	0.00018931	0.00017827	0.00017109	0.00016559	0.00016243	0.0001510976342
0.006043618755	0.00034758	0.00026047	0.00022592	0.00020331	0.00019096	0.00017976	0.00017232	0.00016692	0.00016379	0.0001523414312
0.00607938238	0.00034974	0.00026172	0.00022752	0.00020488	0.00019264	0.00018128	0.00017357	0.00016827	0.00016517	0.0001535977626
0.006115146005	0.00035199	0.00026303	0.00022918	0.0002065	0.00019428	0.00018272	0.00017485	0.00016964	0.00016651	0.0001548665948
0.006150909631	0.00035435	0.00026442	0.00023088	0.00020814	0.00019575	0.00018415	0.00017615	0.00017102	0.00016783	0.0001561483958
0.006186673256	0.00035681	0.00026587	0.00023262	0.00020982	0.00019725	0.00018556	0.00017748	0.00017235	0.00016917	0.0001574440244
0.006222436881	0.00035937	0.0002674	0.00023441	0.00021154	0.00019856	0.00018688	0.00017883	0.00017369	0.00017053	0.0001587517407
0.006258200506	0.00036204	0.00026899	0.00023625	0.00021329	0.00019986	0.00018808	0.0001802	0.00017506	0.00017192	0.0001600694414
0.006293964131	0.0003648	0.00027065	0.000238	0.00021507	0.00020118	0.00018931	0.0001816	0.00017646	0.00017333	0.0001614083373
0.006329727756	0.00036767	0.00027238	0.0002396	0.00021689	0.00020253	0.00019056	0.00018302	0.00017787	0.00017476	0.0001627507807
0.006365491381	0.00037063	0.00027419	0.00024124	0.00021874	0.00020391	0.00019185	0.00018446	0.00017932	0.00017622	0.000164111049
0.006401255006	0.0003737	0.00027606	0.00024291	0.00022062	0.00020532	0.00019316	0.00018593	0.00018078	0.0001777	0.0001654877428
0.006437018631	0.00037687	0.00027799	0.00024453	0.00022254	0.00020675	0.00019451	0.0001874	0.00018227	0.00017921	0.0001668789192
0.006472782257	0.00038015	0.00028	0.0002461	0.0002245	0.0002082	0.00019588	0.00018881	0.00018378	0.00018074	0.000168285094
0.006508545882	0.00038352	0.00028208	0.00024773	0.00022649	0.00020969	0.00019729	0.00019024	0.00018531	0.00018216	0.0001697066811
0.006544309507	0.000387	0.00028423	0.00024944	0.00022844	0.0002112	0.00019872	0.00019171	0.00018677	0.00018356	0.0001711431085
0.006580073132	0.00039057	0.00028644	0.00025121	0.00023018	0.00021273	0.00020019	0.00019319	0.00018821	0.00018499	0.0001725946859
0.006615836757	0.00039231	0.00028873	0.00025304	0.00023195	0.0002143	0.00020168	0.00019471	0.00018967	0.00018645	0.000174062618
0.006651600382	0.00039803	0.00029108	0.00025494	0.00023347	0.00021575	0.00020321	0.00019625	0.00019115	0.00018793	0.0001755467028
0.006687364007	0.00038979	0.00029351	0.00025691	0.00023485	0.00021719	0.00020476	0.00019782	0.00019267	0.00018944	0.0001770444907
0.006723127632	0.00040521	0.000296	0.00025895	0.00023627	0.00021865	0.00020635	0.00019941	0.0001942	0.00019097	0.0001785590502
0.006758891258	0.00040998	0.00029856	0.00026105	0.00023771	0.00022015	0.00020796	0.00020103	0.00019577	0.00019253	0.0001800916542
0.006794654883	0.00041417	0.00030119	0.00026321	0.00023919	0.00022167	0.00020941	0.00020261	0.00019736	0.00019412	0.0001816381623
0.006830418508	0.00038797	0.00030389	0.00026545	0.00024069	0.00022323	0.00021086	0.00020403	0.00019898	0.00019573	0.0001832021534
0.006866182133	0.00042285	0.00030666	0.00026713	0.00024221	0.00022482	0.00021234	0.00020548	0.00020062	0.00019737	0.0001847820265
0.006901945758	0.00042734	0.0003095	0.00026879	0.00024377	0.00022644	0.00021386	0.00020696	0.00020229	0.00019904	0.0001863782624
0.006937709383	0.00041469	0.00031241	0.00027049	0.00024535	0.00022809	0.0002154	0.00020846	0.00020399	0.00020073	0.0001879930733
0.006973473008	0.00041506	0.00031539	0.00027221	0.00024696	0.00022977	0.00021698	0.00021	0.00020571	0.00020245	0.0001896219494
0.007009236633	0.00044142	0.00031843	0.00027396	0.0002486	0.00023148	0.00021858	0.00021157	0.00020745	0.0002041	0.0001912647565
0.007045000258	0.00044632	0.00032155	0.00027574	0.00025027	0.00023322	0.00022021	0.00021317	0.00020923	0.00020572	0.0001929258532
0.007080763884	0.00041708	0.00032439	0.00027755	0.00025197	0.00023499	0.00022188	0.0002148	0.00021099	0.00020736	0.0001946045552
0.007116527509	0.00045642	0.00032711	0.00027938	0.00025369	0.00023679	0.00022357	0.00021645	0.00021261	0.00020902	0.0001962974976
0.007152291134	0.00045214	0.00032987	0.00028125	0.00025544	0.00023862	0.00022529	0.00021814	0.00021426	0.00021072	0.0001980058361
0.007188054759	0.00046294	0.00033267	0.00028314	0.00025722	0.00024048	0.00022705	0.00021986	0.00021594	0.00021244	0.0001997287555
0.007223818384	0.0004661	0.0003355	0.00028506	0.00025903	0.00024238	0.00022883	0.00022161	0.00021758	0.00021406	0.0002014697914
0.007259582009	0.00046931	0.00033837	0.00028701	0.00026087	0.00024383	0.00023065	0.00022338	0.00021925	0.00021567	0.0002032265373
0.007295345634	0.00047256	0.00034127	0.00028898	0.00026251	0.00024526	0.00023249	0.00022519	0.00022095	0.00021731	0.0002049987865
0.007331109259	0.00047587	0.00034421	0.00029068	0.00026415	0.00024673	0.00023437	0.00022703	0.00022268	0.00021898	0.0002067874297
0.007366872885	0.00047922	0.00034719	0.00029239	0.00026582	0.00024823	0.00023627	0.0002289	0.00022444	0.00022067	0.0002085921985
0.00740263651	0.00047719	0.00035021	0.00029413	0.00026752	0.00024977	0.00023821	0.00023079	0.00022623	0.0002224	0.0002104126146
0.007438400135	0.00047487	0.0003529	0.0002959	0.00026926	0.00025134	0.00024017	0.00023272	0.00022804	0.00022415	0.0002122489749
0.00747416376	0.00047277	0.00035366	0.00029771	0.00027103	0.00025296	0.00024195	0.00023468	0.00022989	0.00022592	0.0002141013858
0.007509927385	0.00047091	0.00035429	0.00029956	0.00027283	0.00025461	0.00024363	0.00023667	0.00023176	0.00022773	0.0002159705428
0.00754569101	0.00046929	0.00035477	0.00030143	0.00027467	0.00025629	0.00024534	0.00023869	0.00023366	0.00022956	0.0002178557913
0.007581454635	0.00046789	0.00035546	0.00030335	0.00027655	0.00025801	0.00024709	0.00024073	0.00023559	0.00023142	0.0002197543875
0.00761721826	0.00046673	0.00035637	0.00030529	0.00027846	0.00025977	0.00024888	0.00024281	0.00023755	0.00023331	0.0002216706761
0.007652981885	0.0004658	0.00035749	0.00030727	0.0002804	0.00026157	0.00025071	0.00024492	0.00023953	0.00023523	0.0002236029431
0.007688745511	0.00046511	0.00035882	0.00030929	0.00028238	0.0002634	0.00025257	0.00024706	0.00024155	0.00023717	0.0002255513589
0.007724509136	0.00046464	0.00036037	0.00031134	0.00028439	0.00026527	0.00025447	0.00024922	0.00024359	0.00023914	0.000227516333
0.007760272761	0.00046441	0.00036213	0.00031342	0.00028643	0.00026718	0.00025641	0.00025114	0.00024567	0.00024114	0.0002294974513
0.007796036386	0.00046442	0.00036411	0.00031554	0.00028851	0.00026912	0.00025838	0.00025308	0.00024777	0.00024317	0.0002314935859
0.007831800011	0.00046465	0.00036629	0.00031769	0.00029063	0.0002711	0.00026039	0.00025506	0.0002499	0.00024522	0.0002335079372
0.007867563636	0.00046512	0.0003687	0.00031988	0.00029275	0.00027312	0.00026243	0.00025708	0.00025206	0.0002473	0.0002355384379
0.007903327261	0.00046582	0.00037131	0.0003221	0.0002949	0.00027517	0.00026452	0.00025914	0.00025421	0.00024941	0.0002375860485
0.007939090886	0.00046676	0.00037414	0.00032436	0.00029708	0.00027726	0.00026664	0.00026123	0.00025634	0.00025155	0.0002396505294
0.007974854512	0.00046792	0.00037718	0.00032665	0.00029929	0.00027939	0.00026879	0.00026335	0.00025827	0.00025368	0.0002417321532
0.008010618137	0.00046932	0.00038044	0.00032898	0.00030154	0.00028155	0.00027098	0.0002655	0.00026025	0.00025576	0.0002438310516
0.008046381762	0.00047096	0.00038391	0.00033133	0.00030382	0.00028375	0.00027321	0.00026758	0.00026225	0.00025787	0.0002459477176
0.008082145387	0.00047282	0.0003876	0.00033373	0.00030613	0.00028599	0.00027548	0.00026969	0.00026429	0.00026	0.0002480818963
0.008117909012	0.00047492	0.00039149	0.00033616	0.00030849	0.00028827	0.00027778	0.00027183	0.00026636	0.00026215	0.0002502334784
0.008153672637	0.00047725	0.0003956	0.00033862	0.00031087	0.00029058	0.00028012	0.00027401	0.00026847	0.00026432	0.0002524027623
0.008189436262	0.00047982	0.00039993	0.00034112	0.00031329	0.00029292	0.0002825	0.00027622	0.0002706	0.00026647	0.0002545894426
0.008225199887	0.00048261	0.00040447	0.00034365	0.00031574	0.00029531	0.00028491	0.00027846	0.00027277	0.00026861	0.0002567938277
0.008260963512	0.00048564	0.00040732	0.00034621	0.00031823	0.00029773	0.00028736	0.00028075	0.00027492	0.00027069	0.0002590155542
0.008296727138	0.00048891	0.00040952	0.00034881	0.00032075	0.00030019	0.00028985	0.00028306	0.00027701	0.0002728	0.0002612549962
0.008332490763	0.0004924	0.00041179	0.00035145	0.00032331	0.00030268	0.00029237	0.00028539	0.00027913	0.00027495	0.0002635118859
0.008368254388	0.00049613	0.00041412	0.00035411	0.0003259	0.00030521	0.00029493	0.00028773	0.00028127	0.00027712	0.0002657863485
0.008404018013	0.00050009	0.00041652	0.00035682	0.00032821	0.00030778	0.00029753	0.0002901	0.00028345	0.00027932	0.0002680781352
0.008439781638	0.00050429	0.00041899	0.00035955	0.00033005	0.00031038	0.00030016	0.00029241	0.00028566	0.00028155	0.0002703878483
0.008475545263	0.00050871	0.00042152	0.00036233	0.00033185	0.00031303	0.00030283	0.00029468	0.0002879	0.00028382	0.0002727146797
0.008511308888	0.00051337	0.00042413	0.00036513	0.00033371	0.00031528	0.00030553	0.00029698	0.00029016	0.0002861	0.0002750613245
0.008547072513	0.00051827	0.0004268	0.00036797	0.00033562	0.00031746	0.00030814	0.00029931	0.00029246	0.00028831	0.0002774277984
0.008582836139	0.00052339	0.00042953	0.00037085	0.00033758	0.0003197	0.00031047	0.00030168	0.00029479	0.00029054	0.0002798110669
0.008618599764	0.00052875	0.00043137	0.00037376	0.0003396	0.000322	0.00031285	0.00030407	0.00029715	0.00029281	0.0002822136394
0.008654363389	0.00053434	0.00043274	0.0003767	0.00034168	0.00032434	0.00031496	0.00030649	0.00029954	0.0002951	0.0002846361737
0.008690127014	0.00054016	0.00043425	0.00037913	0.00034381	0.00032674	0.00031703	0.00030875	0.00030196	0.00029743	0.0002870800864
0.008725890639	0.00054622	0.0004359	0.00038101	0.00034599	0.00032919	0.00031916	0.00031101	0.00030442	0.00029978	0.0002895448012
0.008761654264	0.00055251	0.00043769	0.00038295	0.00034823	0.0003317	0.00032134	0.00031332	0.0003069	0.00030217	0.0002920304427
0.008797417889	0.00055903	0.00043963	0.00038495	0.00035053	0.00033426	0.00032357	0.00031567	0.00030941	0.00030458	0.0002945369412
0.008833181514	0.00056579	0.00044171	0.000387	0.00035288	0.00033687	0.00032585	0.00031808	0.00031167	0.00030702	0.0002970649632
0.008868945139	0.00057267	0.00044394	0.00038911	0.00035528	0.00033953	0.00032818	0.00032047	0.00031394	0.00030949	0.0002996129265
0.008904708765	0.0005751	0.0004463	0.00039127	0.00035774	0.00034225	0.00033056	0.00032263	0.00031626	0.00031199	0.0003021825166
0.00894047239	0.0005776	0.00044881	0.00039345	0.00036026	0.00034502	0.000333	0.00032483	0.00031863	0.00031452	0.0003047728844
0.008976236015	0.00058017	0.00045147	0.00039563	0.00036283	0.00034757	0.00033548	0.00032708	0.00032103	0.00031708	0.000307385588
0.00901199964	0.00058281	0.00045426	0.00039787	0.00036546	0.00034995	0.00033802	0.00032938	0.00032349	0.00031967	0.0003100187141
0.009047763265	0.00058552	0.0004572	0.00040017	0.00036814	0.00035238	0.00034061	0.00033173	0.00032599	0.00032228	0.0003126742279
0.00908352689	0.0005883	0.00046029	0.00040253	0.00037088	0.00035483	0.00034325	0.00033412	0.00032854	0.00032482	0.0003153484533
0.009119290515	0.00059115	0.00046351	0.00040494	0.00037367	0.00035734	0.00034594	0.00033656	0.00033113	0.00032728	0.0003180452945
0.00915505414	0.00059408	0.00046688	0.00040741	0.00037652	0.0003599	0.00034868	0.00033905	0.00033377	0.00032978	0.0003207639633
0.009190817766	0.00059707	0.0004704	0.00040994	0.00037942	0.00036252	0.00035147	0.00034159	0.00033619	0.00033233	0.0003235012824
0.009226581391	0.00060013	0.00047405	0.00041253	0.00038238	0.00036518	0.00035432	0.00034418	0.00033863	0.00033492	0.0003262624025
0.009262345016	0.00060327	0.00047785	0.00041517	0.00038539	0.0003679	0.00035721	0.00034681	0.00034113	0.00033755	0.0003290437872
0.009298108641	0.00060647	0.00048179	0.00041787	0.00038846	0.00037068	0.00036016	0.00034949	0.00034367	0.00034023	0.0003318462709
0.009333872266	0.00060975	0.00048588	0.00042063	0.00039158	0.0003735	0.00036277	0.00035222	0.00034625	0.00034295	0.0003346711798
0.009369635891	0.0006131	0.00048975	0.00042345	0.00039476	0.00037638	0.00036541	0.000355	0.00034889	0.00034561	0.0003375166227
0.009405399516	0.00061651	0.00049179	0.00042633	0.00039799	0.00037931	0.0003681	0.00035783	0.00035157	0.00034821	0.0003403853892
0.009441163141	0.00062	0.00049389	0.00042926	0.00040128	0.00038229	0.00037083	0.0003607	0.00035429	0.00035086	0.000343276218
0.009476926767	0.00062356	0.00049606	0.00043225	0.00040463	0.00038533	0.00037362	0.00036362	0.00035706	0.00035355	0.000346191072
0.009512690392	0.00062719	0.00049829	0.0004353	0.00040766	0.00038842	0.00037645	0.00036659	0.00035988	0.00035629	0.0003491228118
0.009548454017	0.00063088	0.00050059	0.0004384	0.00041052	0.00039156	0.00037933	0.00036961	0.00036274	0.00035907	0.000352083118
0.009584217642	0.00063465	0.00050295	0.00044157	0.00041344	0.00039475	0.00038226	0.00037268	0.00036565	0.0003619	0.0003550676342
0.009619981267	0.00063849	0.00050537	0.00044479	0.00041641	0.000398	0.00038524	0.00037579	0.00036861	0.00036478	0.0003580811872
0.009655744892	0.0006424	0.00050785	0.00044807	0.00041944	0.0004013	0.00038827	0.00037895	0.00037161	0.0003677	0.000361115193
0.009691508517	0.00064639	0.0005104	0.0004514	0.00042252	0.00040465	0.00039135	0.00038216	0.00037466	0.00037066	0.0003641769906
0.009727272142	0.00065044	0.000513	0.0004548	0.00042566	0.00040806	0.00039448	0.00038542	0.00037775	0.00037367	0.0003672640803
0.009763035767	0.00065456	0.00051568	0.00045825	0.00042885	0.00041151	0.00039765	0.00038872	0.00038089	0.00037673	0.0003703781196
0.009798799393	0.00065875	0.00051841	0.00046176	0.00043209	0.00041502	0.00040087	0.00039208	0.00038408	0.00037983	0.0003735277861
0.009834563018	0.00066301	0.00052121	0.00046532	0.00043539	0.00041859	0.00040415	0.00039548	0.00038731	0.00038298	0.0003767080434
0.009870326643	0.00066735	0.00052407	0.00046895	0.00043875	0.0004222	0.00040747	0.00039892	0.00039059	0.00038617	0.0003799271892
0.009906090268	0.00067175	0.00052699	0.00047263	0.00044216	0.00042587	0.00041084	0.00040212	0.00039392	0.0003894	0.0003831873563
0.009941853893	0.00067623	0.00052998	0.00047637	0.00044562	0.00042959	0.00041426	0.00040536	0.00039729	0.00039269	0.0003864754002
0.009977617518	0.00068077	0.00053303	0.00048017	0.00044914	0.00043337	0.00041773	0.00040866	0.0004007	0.00039601	0.0003898037483
0.01001338114	0.00068539	0.00053614	0.00048402	0.00045272	0.00043692	0.00042125	0.000412	0.00040417	0.00039939	0.0003931693592
0.01004914477	0.00069007	0.00053932	0.00048793	0.00045635	0.00044015	0.00042481	0.00041538	0.00040768	0.00040281	0.0003965718342
0.01008490839	0.00069483	0.00054255	0.00049191	0.00046003	0.00044343	0.00042843	0.00041882	0.00041123	0.00040627	0.0004000103927
0.01012067202	0.00069966	0.00054586	0.00049593	0.00046377	0.00044676	0.00043209	0.0004223	0.00041484	0.00040978	0.0004034860858
0.01015643564	0.00070456	0.00054922	0.00050002	0.00046756	0.00045015	0.0004358	0.00042583	0.00041849	0.00041333	0.0004069984962
0.01019219927	0.00070952	0.00055265	0.00050416	0.00047141	0.00045359	0.00043956	0.0004294	0.00042218	0.00041693	0.0004105475756
0.01022796289	0.00071456	0.00055614	0.00050836	0.00047531	0.00045708	0.00044337	0.00043303	0.00042592	0.00042058	0.0004141334978
0.01026372652	0.00071967	0.00055969	0.00051256	0.00047927	0.00046063	0.00044723	0.0004367	0.00042971	0.00042427	0.0004177563325
0.01029949014	0.00072485	0.0005633	0.00051588	0.00048328	0.00046422	0.00045114	0.00044041	0.00043354	0.000428	0.0004214155698
0.01033525377	0.0007301	0.00056698	0.00051926	0.00048735	0.00046787	0.0004551	0.00044418	0.00043742	0.00043178	0.0004251116528
0.01037101739	0.00073542	0.00057072	0.00052271	0.00049147	0.00047158	0.00045908	0.00044799	0.00044135	0.00043561	0.0004288440789
0.01040678102	0.00074082	0.00057453	0.00052621	0.00049564	0.00047533	0.00046312	0.00045185	0.00044532	0.00043948	0.0004326134906
0.01044254464	0.00074628	0.0005784	0.00052978	0.00049987	0.00047914	0.00046678	0.00045575	0.00044934	0.0004434	0.0004364196881
0.01047830827	0.00075181	0.00058233	0.00053341	0.00050416	0.000483	0.00047045	0.00045971	0.0004534	0.00044736	0.0004402628261
0.01051407189	0.00075741	0.00058632	0.0005371	0.0005085	0.00048691	0.00047416	0.00046371	0.00045738	0.00045137	0.0004441436842
0.01054983552	0.00076309	0.00059037	0.00054086	0.0005129	0.00049087	0.00047793	0.00046775	0.00046131	0.00045542	0.0004480624685
0.01058559915	0.00076883	0.00059449	0.00054467	0.00051735	0.00049489	0.00048174	0.00047185	0.00046528	0.00045952	0.0004520192986
0.01062136277	0.00077465	0.00059868	0.00054855	0.00052185	0.00049896	0.00048561	0.00047599	0.00046927	0.00046358	0.0004560139984
0.0106571264	0.00078053	0.00060292	0.00055249	0.00052641	0.00050308	0.00048953	0.00048018	0.00047326	0.00046766	0.0004600465244
0.01069289002	0.00078649	0.00060723	0.00055649	0.00053052	0.00050726	0.0004935	0.00048441	0.00047729	0.00047178	0.0004641167676
0.01072865365	0.00079251	0.0006116	0.00056056	0.0005341	0.00051149	0.00049752	0.0004887	0.00048138	0.00047594	0.0004682260747
0.01076441727	0.00079861	0.00061603	0.00056468	0.00053775	0.00051577	0.00050159	0.00049299	0.00048551	0.00048015	0.000472371949
0.0108001809	0.00080478	0.00062053	0.00056887	0.00054145	0.0005201	0.00050572	0.00049702	0.00048969	0.0004844	0.0004765586122
0.01083594452	0.00081102	0.00062509	0.00057312	0.00054522	0.00052448	0.00050989	0.00050111	0.00049392	0.00048857	0.0004807841355
0.01087170815	0.00081732	0.00062971	0.00057744	0.00054905	0.00052892	0.00051411	0.00050524	0.0004982	0.00049273	0.0004850492123
0.01090747177	0.0008237	0.0006344	0.00058181	0.00055294	0.00053341	0.00051839	0.00050943	0.00050253	0.0004969	0.0004893551368
0.0109432354	0.00083015	0.00063914	0.00058625	0.0005569	0.00053795	0.00052272	0.00051366	0.00050691	0.00050109	0.000493701043
0.01097899902	0.00083667	0.00064395	0.00059074	0.00056091	0.00054209	0.00052709	0.00051795	0.00051127	0.00050532	0.0004980815387
0.01101476265	0.00084326	0.00064883	0.0005953	0.00056498	0.00054598	0.00053152	0.00052228	0.00051567	0.0005096	0.000502505039
0.01105052627	0.00084992	0.00065376	0.00059993	0.00056912	0.00054994	0.000536	0.00052667	0.0005201	0.00051392	0.0005069666566
0.0110862899	0.00085666	0.00065876	0.00060461	0.00057332	0.00055395	0.00054053	0.00053111	0.00052458	0.00051829	0.0005114685958
0.01112205352	0.00086346	0.00066383	0.00060936	0.00057758	0.00055803	0.00054512	0.0005356	0.0005291	0.00052271	0.0005160098221
0.01115781715	0.00087033	0.00066895	0.00061416	0.0005819	0.00056216	0.00054975	0.00054014	0.00053367	0.00052717	0.0005205909432
0.01119358077	0.00087727	0.00067414	0.00061903	0.00058629	0.00056636	0.00055443	0.00054473	0.00053828	0.00053167	0.0005252102464
0.0112293444	0.00088429	0.00067939	0.00062397	0.00059073	0.00057062	0.00055917	0.00054936	0.00054264	0.00053623	0.0005298700365
0.01126510802	0.00089137	0.00068471	0.00062896	0.00059524	0.00057494	0.00056395	0.00055405	0.00054703	0.00054083	0.0005345692849
0.01130087165	0.00089853	0.00069008	0.00063402	0.00059981	0.00057932	0.00056879	0.00055861	0.00055146	0.00054547	0.0005393067855
0.01133663527	0.00090575	0.00069552	0.00063913	0.00060444	0.00058376	0.0005735	0.00056321	0.00055595	0.00055016	0.0005440845009
0.0113723989	0.00091305	0.00070103	0.00064431	0.00060913	0.00058826	0.0005779	0.00056786	0.00056048	0.0005549	0.0005489016866
0.01140816252	0.00092041	0.00070659	0.00064956	0.00061388	0.00059282	0.00058237	0.00057256	0.00056507	0.00055968	0.0005537585234
0.01144392615	0.00092785	0.00071222	0.00065486	0.0006187	0.00059744	0.0005869	0.00057731	0.0005697	0.00056451	0.0005586564495
0.01147968977	0.00093536	0.00071791	0.00066023	0.00062357	0.00060213	0.00059149	0.0005821	0.00057439	0.00056938	0.0005635927036
0.0115154534	0.00094294	0.00072367	0.00066565	0.00062851	0.00060687	0.00059614	0.00058694	0.00057912	0.0005743	0.0005685731908
0.01155121702	0.00095059	0.00072949	0.00067114	0.00063351	0.00061167	0.00060084	0.00059183	0.0005839	0.00057926	0.0005735970901
0.01158698065	0.0009583	0.00073537	0.0006767	0.00063857	0.00061654	0.00060561	0.00059677	0.00058873	0.00058428	0.0005786608969
0.01162274427	0.00096609	0.00074131	0.00068231	0.00064369	0.00062146	0.00061044	0.00060175	0.00059361	0.00058933	0.0005837654059
0.0116585079	0.00097395	0.00074732	0.00068799	0.00064888	0.00062645	0.00061533	0.00060678	0.00059854	0.00059444	0.0005889100756
0.01169427152	0.00098188	0.00075339	0.00069372	0.00065412	0.0006315	0.00062028	0.00061185	0.00060352	0.00059958	0.0005940986297
0.01173003515	0.00098989	0.00075952	0.00069952	0.00065943	0.00063661	0.00062529	0.00061698	0.00060855	0.00060478	0.0005993300514
0.01176579877	0.00099796	0.00076571	0.00070539	0.0006648	0.00064177	0.00063036	0.00062215	0.00061363	0.00061002	0.0006046020315
0.0118015624	0.0010061	0.00077197	0.00071131	0.00067023	0.000647	0.00063549	0.00062737	0.00061876	0.0006153	0.0006099160336
0.01183732602	0.0010143	0.00077829	0.0007173	0.00067572	0.00065229	0.00064068	0.00063263	0.00062393	0.00062064	0.000615272496
0.01187308965	0.0010226	0.00078468	0.00072334	0.00068128	0.00065765	0.00064593	0.00063794	0.00062916	0.00062589	0.0006206694737
0.01190885327	0.0010309	0.00079112	0.00072945	0.00068689	0.00066306	0.00065115	0.00064297	0.00063444	0.00063104	0.0006261109832
0.0119446169	0.0010394	0.00079763	0.00073563	0.00069257	0.00066853	0.00065623	0.00064802	0.00063976	0.00063625	0.0006315919871
0.01198038052	0.0010479	0.00080421	0.00074186	0.00069831	0.00067406	0.00066136	0.00065312	0.00064514	0.0006415	0.0006371131645
0.01201614415	0.0010564	0.00081084	0.00074816	0.00070411	0.00067966	0.00066654	0.00065828	0.00065056	0.00064681	0.0006426778094
0.01205190778	0.0010651	0.00081754	0.00075451	0.00070997	0.00068531	0.00067178	0.0006635	0.00065603	0.00065217	0.0006482843323
0.0120876714	0.0010738	0.0008243	0.00076093	0.00071589	0.00069102	0.00067707	0.00066877	0.00066156	0.00065759	0.0006539334885
0.01212343503	0.0010826	0.00083113	0.00076569	0.00072187	0.0006968	0.00068242	0.00067409	0.00066713	0.00066305	0.0006596228461
0.01215919865	0.0010914	0.00083801	0.00076965	0.00072792	0.00070264	0.00068782	0.00067946	0.00067275	0.00066856	0.0006653562202
0.01219496228	0.0011003	0.00084496	0.00077372	0.00073403	0.00070853	0.00069328	0.00068489	0.00067842	0.00067413	0.0006711297746
0.0122307259	0.0011093	0.00085198	0.0007779	0.0007402	0.00071449	0.00069879	0.00069038	0.00068414	0.00067975	0.0006769451615
0.01226648953	0.0011184	0.00085905	0.0007822	0.00074643	0.00072051	0.00070435	0.00069592	0.00068991	0.00068542	0.000682801155
0.01230225315	0.0011275	0.00086619	0.00078661	0.00075272	0.00072659	0.00070997	0.00070151	0.00069573	0.00069114	0.0006887001831
0.01233801678	0.0011367	0.00087339	0.00079113	0.00075908	0.00073273	0.00071564	0.00070716	0.0007016	0.00069691	0.0006946408183
0.0123737804	0.001146	0.00088066	0.00079576	0.00076549	0.00073893	0.00072137	0.00071286	0.00070752	0.00070273	0.000700625718
0.01240954403	0.0011553	0.00088799	0.00080051	0.00077068	0.00074519	0.00072715	0.00071861	0.00071348	0.00070861	0.0007066484037
0.01244530765	0.0011647	0.00089538	0.00080536	0.00077541	0.00075151	0.00073298	0.00072442	0.00071932	0.00071454	0.0007127150503
0.01248107128	0.0011742	0.00090283	0.00081034	0.00078025	0.0007579	0.00073887	0.00073029	0.00072514	0.00072051	0.0007188212899
0.0125168349	0.0011838	0.00091035	0.00081542	0.0007852	0.00076363	0.00074482	0.0007362	0.00073102	0.00072654	0.0007249696941
0.01255259853	0.0011934	0.00091793	0.00082061	0.00079026	0.0007689	0.00075081	0.00074218	0.00073695	0.00073263	0.0007311564768
0.01258836215	0.0012031	0.00092557	0.00082592	0.00079544	0.00077429	0.00075687	0.0007482	0.00074294	0.00073876	0.0007373822708
0.01262412578	0.0012128	0.00093327	0.00083134	0.00080072	0.00077979	0.00076297	0.00075428	0.00074898	0.00074494	0.0007436476238
0.0126598894	0.0012227	0.00094104	0.00083688	0.00080612	0.0007854	0.00076913	0.00076024	0.00075498	0.00075118	0.0007499518443
0.01269565303	0.0012326	0.00094887	0.00084252	0.00081164	0.00079112	0.00077535	0.00076625	0.00076093	0.00075747	0.0007562968354
0.01273141665	0.0012426	0.00095677	0.00084828	0.00081726	0.00079696	0.00078162	0.00077233	0.00076695	0.00076381	0.0007626783231
0.01276718028	0.0012526	0.00096472	0.00085415	0.000823	0.0008029	0.00078794	0.00077847	0.00077303	0.0007702	0.0007691017867
0.0128029439	0.0012627	0.00097084	0.00086014	0.00082885	0.00080896	0.00079432	0.00078469	0.00077919	0.00077664	0.0007755698139
0.01283870753	0.0012729	0.00097581	0.00086623	0.00083481	0.00081512	0.00080075	0.00079097	0.00078541	0.00078313	0.0007820784517
0.01287447115	0.0012832	0.0009809	0.00087244	0.00084088	0.0008214	0.00080684	0.00079731	0.00079169	0.00078968	0.0007886266926
0.01291023478	0.0012935	0.00098611	0.00087877	0.00084707	0.00082733	0.00081254	0.00080373	0.00079805	0.00079627	0.0007952192609
0.0129459984	0.0013039	0.00099144	0.0008852	0.00085336	0.00083286	0.00081833	0.00081021	0.00080447	0.00080292	0.0008018558724
0.01298176203	0.0013144	0.00099688	0.00089175	0.00085978	0.00083849	0.00082422	0.00081676	0.00081096	0.00080962	0.0008085306928
0.01301752565	0.0013249	0.0010024	0.00089841	0.0008663	0.00084421	0.00083021	0.00082338	0.00081751	0.00081624	0.0008152497461
0.01305328928	0.0013355	0.0010081	0.00090518	0.00087293	0.00085004	0.00083629	0.00083006	0.00082413	0.00082292	0.0008220108678
0.0130890529	0.0013438	0.0010139	0.00091206	0.00087968	0.00085596	0.00084247	0.00083681	0.00083082	0.00082966	0.0008288154589
0.01312481653	0.0013499	0.0010198	0.00091906	0.00088654	0.00086198	0.00084874	0.00084363	0.00083758	0.00083647	0.0008356595073
0.01316058015	0.0013561	0.0010259	0.00092617	0.00089351	0.00086809	0.0008551	0.00085041	0.0008444	0.00084334	0.0008425493185
0.01319634378	0.0013624	0.001032	0.00093339	0.0009006	0.00087431	0.00086157	0.00085675	0.00085129	0.00085028	0.0008494828325
0.0132321074	0.0013689	0.0010383	0.00094073	0.00090704	0.00088062	0.00086812	0.00086318	0.00085825	0.00085728	0.000856462406
0.01326787103	0.0013754	0.0010447	0.00094817	0.00091347	0.00088703	0.00087478	0.00086971	0.00086527	0.00086435	0.0008634880546
0.01330363465	0.0013821	0.0010512	0.00095573	0.00092001	0.00089354	0.00088152	0.00087633	0.00087237	0.00087143	0.000870560182
0.01333939828	0.0013889	0.0010578	0.00096341	0.00092664	0.00090014	0.00088837	0.00088304	0.00087953	0.00087847	0.0008776790077
0.0133751619	0.0013958	0.0010646	0.00097119	0.00093337	0.00090685	0.0008953	0.00088985	0.00088675	0.00088557	0.0008848446444
0.01341092553	0.0014028	0.0010715	0.00097909	0.0009402	0.00091365	0.00090234	0.00089675	0.00089404	0.00089273	0.0008920547458
0.01344668915	0.00141	0.0010784	0.0009871	0.00094713	0.00092054	0.00090947	0.00090374	0.0009014	0.00089994	0.0008993187766
0.01348245278	0.0014172	0.0010855	0.00099522	0.00095415	0.00092754	0.00091669	0.00091083	0.00090883	0.00090722	0.0009066400212
0.0135182164	0.0014246	0.0010928	0.0010035	0.00096127	0.00093463	0.00092401	0.00091801	0.00091632	0.00091456	0.000914019078
0.01355398003	0.0014321	0.0011001	0.0010118	0.00096849	0.00094182	0.00093143	0.00092528	0.00092363	0.00092196	0.000921455807
0.01358974366	0.0014397	0.0011076	0.0010203	0.00097581	0.00094911	0.00093894	0.00093265	0.00093081	0.00092941	0.000928951052
0.01362550728	0.0014475	0.0011151	0.0010288	0.00098322	0.0009565	0.00094654	0.00094011	0.00093808	0.00093693	0.0009365046127
0.01366127091	0.0014553	0.0011228	0.0010375	0.00099074	0.00096398	0.00095424	0.00094767	0.00094544	0.00094451	0.0009441166424
0.01369703453	0.0014633	0.0011306	0.0010463	0.00099835	0.00097157	0.00096204	0.00095532	0.00095287	0.00095215	0.0009517874027
0.01373279816	0.0014714	0.0011377	0.0010552	0.0010061	0.00097924	0.00096993	0.00096306	0.0009604	0.00095979	0.000959516731
0.01376856178	0.0014796	0.0011446	0.0010643	0.0010139	0.00098702	0.00097791	0.0009709	0.000968	0.00096747	0.0009673052904
0.01380432541	0.001488	0.0011516	0.0010726	0.0010218	0.0009949	0.000986	0.00097883	0.00097569	0.00097523	0.0009751511656
0.01384008903	0.0014964	0.0011588	0.0010804	0.0010298	0.0010029	0.00099417	0.00098685	0.00098346	0.00098308	0.0009830562239
0.01387585266	0.001505	0.0011661	0.0010883	0.0010374	0.0010109	0.0010024	0.00099497	0.00099132	0.000991	0.0009910200106
0.01391161628	0.0015137	0.0011735	0.0010963	0.0010444	0.0010191	0.0010108	0.0010032	0.00099926	0.000999	0.0009990432572
0.01394737991	0.0015225	0.0011811	0.0011045	0.0010514	0.0010274	0.0010193	0.0010115	0.0010073	0.0010071	0.00100712472
0.01398314353	0.0015314	0.0011888	0.0011129	0.0010586	0.0010357	0.0010274	0.0010199	0.0010154	0.0010152	0.001015281582
0.01401890716	0.0015404	0.0011967	0.0011213	0.001066	0.0010442	0.0010354	0.0010284	0.0010236	0.0010236	0.001023517204
0.01405467078	0.0015496	0.0012047	0.001129	0.0010734	0.0010528	0.0010434	0.0010369	0.0010319	0.0010319	0.001031831421
0.01409043441	0.0015575	0.0012128	0.0011359	0.001081	0.0010614	0.0010516	0.0010451	0.0010402	0.0010402	0.001040224201
0.01412619803	0.0015649	0.0012211	0.0011429	0.0010887	0.0010702	0.0010599	0.0010531	0.0010487	0.0010487	0.001048695552
0.01416196166	0.0015725	0.0012295	0.0011501	0.0010965	0.001079	0.001068	0.0010612	0.0010572	0.0010572	0.001057246366
0.01419772528	0.0015802	0.0012381	0.0011574	0.0011045	0.001088	0.0010761	0.0010694	0.0010658	0.0010658	0.001065874677
0.01423348891	0.001588	0.0012468	0.0011648	0.0011126	0.001097	0.0010844	0.0010777	0.0010745	0.0010745	0.001074581059
0.01426925253	0.001596	0.0012557	0.0011724	0.0011208	0.001106	0.0010928	0.0010861	0.0010833	0.0010833	0.00108336938
0.01430501616	0.0016041	0.0012647	0.00118	0.0011291	0.0011148	0.0011013	0.0010947	0.0010922	0.0010922	0.001092234765
0.01434077978	0.0016124	0.0012738	0.0011879	0.0011376	0.0011233	0.0011099	0.0011033	0.0011011	0.0011011	0.001101191653
0.01437654341	0.0016208	0.0012831	0.0011958	0.0011462	0.0011315	0.0011186	0.001112	0.0011102	0.0011102	0.001110226385
0.01441230703	0.0016294	0.0012925	0.0012039	0.0011549	0.0011398	0.0011274	0.0011209	0.0011193	0.0011193	0.001119343939
0.01444807066	0.0016381	0.001302	0.0012121	0.0011637	0.0011481	0.0011364	0.0011298	0.0011285	0.0011285	0.001128547402
0.01448383428	0.0016469	0.0013117	0.0012204	0.0011727	0.0011566	0.0011454	0.0011389	0.0011378	0.0011378	0.00113783578
0.01451959791	0.0016559	0.0013216	0.0012289	0.0011818	0.0011652	0.0011545	0.001148	0.0011471	0.0011471	0.001147207485
0.01455536153	0.001665	0.0013315	0.0012375	0.001191	0.001174	0.0011638	0.0011573	0.0011566	0.0011566	0.001156663417
0.01459112516	0.0016743	0.0013416	0.0012462	0.0012004	0.0011828	0.0011731	0.0011667	0.0011661	0.0011661	0.00116620358
0.01462688878	0.0016837	0.0013519	0.0012551	0.0012098	0.0011918	0.0011826	0.0011761	0.0011758	0.0011758	0.001175827823
0.01466265241	0.0016932	0.0013623	0.001264	0.0012194	0.0012009	0.0011921	0.0011857	0.0011855	0.0011855	0.001185536185
0.01469841603	0.0017029	0.0013728	0.0012732	0.0012292	0.0012101	0.0012018	0.0011954	0.0011953	0.0011953	0.001195328662
0.01473417966	0.0017128	0.0013835	0.0012824	0.001239	0.0012194	0.0012116	0.0012052	0.0012052	0.0012052	0.001205205362
0.01476994328	0.0017163	0.0013943	0.0012918	0.001249	0.0012289	0.0012212	0.0012151	0.0012151	0.0012151	0.001215166031
0.01480570691	0.0017195	0.0014053	0.0013013	0.0012591	0.0012384	0.0012308	0.0012251	0.0012251	0.0012251	0.001225210734
0.01484147053	0.0017229	0.0014164	0.001311	0.0012694	0.0012481	0.0012406	0.0012353	0.0012353	0.0012353	0.001235339836
0.01487723416	0.0017266	0.0014276	0.0013207	0.0012797	0.0012579	0.0012504	0.0012455	0.0012455	0.0012455	0.00124556722
0.01491299778	0.0017305	0.001439	0.0013306	0.0012902	0.0012678	0.0012604	0.0012558	0.0012558	0.0012558	0.001255900948
0.01494876141	0.0017347	0.0014506	0.0013407	0.0013008	0.0012779	0.0012705	0.0012663	0.0012663	0.0012663	0.001266342125
0.01498452503	0.0017391	0.0014622	0.0013508	0.0013116	0.001288	0.0012808	0.0012768	0.0012768	0.0012768	0.001276890003
0.01502028866	0.0017437	0.001474	0.0013611	0.0013224	0.0012983	0.0012911	0.0012875	0.0012875	0.0012875	0.001287543567
0.01505605228	0.0017485	0.001486	0.0013716	0.0013334	0.0013087	0.0013016	0.0012982	0.0012982	0.0012982	0.001298304161
0.01509181591	0.0017536	0.0014981	0.0013821	0.0013445	0.0013192	0.0013121	0.0013091	0.0013091	0.0013091	0.001309170643
0.01512757954	0.001759	0.0015103	0.0013928	0.0013558	0.0013299	0.0013228	0.00132	0.00132	0.00132	0.001320144236
0.01516334316	0.0017645	0.0015227	0.0014036	0.0013672	0.0013406	0.0013337	0.0013311	0.0013311	0.0013311	0.001331223624
0.01519910679	0.0017703	0.0015352	0.0014146	0.0013787	0.0013515	0.0013446	0.0013423	0.0013423	0.0013423	0.001342410533
0.01523487041	0.0017763	0.0015478	0.0014257	0.0013903	0.0013625	0.0013557	0.0013536	0.0013536	0.0013536	0.001353704074
0.01527063404	0.0017826	0.0015606	0.0014369	0.0014021	0.0013736	0.0013668	0.001365	0.001365	0.001365	0.001365104275
0.01530639766	0.0017891	0.0015736	0.0014482	0.0014139	0.0013849	0.0013781	0.0013765	0.0013765	0.0013765	0.001376610871
0.01534216129	0.0017959	0.0015866	0.0014597	0.0014259	0.0013962	0.0013896	0.0013881	0.0013881	0.0013881	0.001388224247
0.01537792491	0.0018028	0.0015999	0.0014713	0.0014375	0.0014077	0.0014011	0.0013998	0.0013998	0.0013998	0.001399944251
0.01541368854	0.00181	0.0016132	0.001483	0.0014485	0.0014193	0.0014127	0.0014117	0.0014117	0.0014117	0.001411771211
0.01544945216	0.0018175	0.0016267	0.0014949	0.0014597	0.001431	0.0014245	0.0014236	0.0014236	0.0014236	0.00142370414
0.01548521579	0.0018252	0.0016403	0.0015069	0.001471	0.0014428	0.0014364	0.0014356	0.0014356	0.0014356	0.001435744006
0.01552097941	0.0018331	0.0016541	0.001519	0.0014825	0.0014548	0.0014484	0.0014478	0.0014478	0.0014478	0.001447890536
0.01555674304	0.0018412	0.0016681	0.0015313	0.001494	0.0014668	0.0014606	0.00146	0.00146	0.00146	0.001460143624
0.01559250666	0.0018496	0.0016821	0.0015436	0.0015057	0.001479	0.0014728	0.0014724	0.0014724	0.0014724	0.001472504038
0.01562827029	0.0018582	0.0016954	0.0015562	0.0015175	0.0014913	0.0014852	0.0014848	0.0014848	0.0014848	0.001484970617
0.01566403391	0.0018671	0.001708	0.0015688	0.0015294	0.0015038	0.0014977	0.0014977	0.0014977	0.0014977	0.001497543212
0.01569979754	0.0018762	0.0017156	0.0015816	0.0015415	0.0015163	0.0015103	0.0015103	0.0015103	0.0015103	0.001510222563
0.01573556116	0.0018855	0.0017234	0.0015945	0.0015537	0.001529	0.001523	0.001523	0.001523	0.001523	0.001523008969
0.01577132479	0.0018951	0.0017315	0.0016076	0.001566	0.0015418	0.0015358	0.0015358	0.0015358	0.0015358	0.00153590198
0.01580708841	0.0019049	0.0017398	0.0016207	0.0015784	0.0015547	0.0015488	0.0015488	0.0015488	0.0015488	0.001548901609
0.01584285204	0.0019149	0.0017483	0.001634	0.0015909	0.0015677	0.0015619	0.0015619	0.0015619	0.0015619	0.001562007725
0.01587861566	0.0019252	0.0017571	0.0016475	0.0016036	0.0015808	0.0015751	0.0015751	0.0015751	0.0015751	0.001575219945
0.01591437929	0.0019357	0.001766	0.001661	0.0016164	0.0015941	0.0015884	0.0015884	0.0015884	0.0015884	0.001588545588
0.01595014291	0.0019464	0.0017753	0.0016747	0.0016293	0.0016075	0.0016018	0.0016018	0.0016018	0.0016018	0.001601985355
0.01598590654	0.0019574	0.0017847	0.0016885	0.0016424	0.001621	0.0016154	0.0016154	0.0016154	0.0016154	0.001615547456
0.01602167016	0.0019686	0.0017944	0.0017025	0.0016556	0.0016346	0.0016291	0.0016291	0.0016291	0.0016291	0.001629226665
0.01605743379	0.0019801	0.0018043	0.0017166	0.0016689	0.0016483	0.0016429	0.0016429	0.0016429	0.0016429	0.001643025701
0.01609319741	0.0019918	0.0018144	0.0017308	0.0016823	0.0016622	0.0016568	0.0016568	0.0016568	0.0016568	0.001656944571
0.01612896104	0.0020037	0.0018247	0.0017452	0.0016958	0.0016762	0.0016708	0.0016708	0.0016708	0.0016708	0.001670981231
0.01616472466	0.0020158	0.0018353	0.0017596	0.0017095	0.0016903	0.001685	0.001685	0.001685	0.001685	0.001685137575
0.01620048829	0.0020282	0.0018461	0.0017733	0.0017233	0.0017045	0.0016993	0.0016993	0.0016993	0.0016993	0.00169941291
0.01623625191	0.0020408	0.0018572	0.0017864	0.0017372	0.0017188	0.0017136	0.0017136	0.0017136	0.0017136	0.00171380736
0.01627201554	0.0020537	0.0018684	0.0017997	0.0017512	0.0017333	0.0017282	0.0017282	0.0017282	0.0017282	0.001728320889
0.01630777916	0.0020668	0.0018799	0.0018132	0.0017654	0.0017479	0.0017428	0.0017428	0.0017428	0.0017428	0.001742953627
0.01634354279	0.0020801	0.0018917	0.0018269	0.0017789	0.0017626	0.0017575	0.0017575	0.0017575	0.0017575	0.001757704951
0.01637930641	0.0020937	0.0019036	0.0018409	0.0017924	0.0017774	0.0017724	0.0017724	0.0017724	0.0017724	0.001772575586
0.01641507004	0.0021075	0.0019158	0.001855	0.0018061	0.0017923	0.0017874	0.0017874	0.0017874	0.0017874	0.001787565265
0.01645083366	0.0021215	0.0019282	0.0018673	0.0018199	0.0018074	0.0018025	0.0018025	0.0018025	0.0018025	0.0018026742
0.01648659729	0.0021358	0.0019409	0.0018791	0.001834	0.0018221	0.0018177	0.0018177	0.0018177	0.0018177	0.001817902121
0.01652236091	0.0021503	0.0019537	0.0018912	0.0018482	0.0018368	0.0018331	0.0018331	0.0018331	0.0018331	0.001833248454
0.01655812454	0.0021651	0.0019668	0.0019035	0.0018626	0.0018518	0.0018485	0.0018485	0.0018485	0.0018485	0.001848714305
0.01659388817	0.0021801	0.0019801	0.0019161	0.0018771	0.0018669	0.0018641	0.0018641	0.0018641	0.0018641	0.001864299198
0.01662965179	0.0021953	0.0019937	0.0019289	0.0018918	0.0018821	0.0018798	0.0018798	0.0018798	0.0018798	0.001880003188
0.01666541542	0.0022107	0.0020075	0.0019419	0.0019067	0.0018975	0.0018956	0.0018956	0.0018956	0.0018956	0.001895826508
0.01670117904	0.0022264	0.0020215	0.0019551	0.0019218	0.0019131	0.0019116	0.0019116	0.0019116	0.0019116	0.001911768465
0.01673694267	0.0022423	0.0020357	0.0019685	0.0019371	0.0019288	0.0019276	0.0019276	0.0019276	0.0019276	0.001927829247
0.01677270629	0.0022585	0.0020502	0.0019822	0.0019525	0.0019447	0.0019438	0.0019438	0.0019438	0.0019438	0.001944009638
0.01680846992	0.0022749	0.0020649	0.0019961	0.0019681	0.0019607	0.0019601	0.0019601	0.0019601	0.0019601	0.001960308639
0.01684423354	0.0022915	0.0020798	0.0020102	0.0019838	0.0019769	0.0019765	0.0019765	0.0019765	0.0019765	0.001976727634
0.01687999717	0.0023084	0.002095	0.0020245	0.0019998	0.0019933	0.001993	0.001993	0.001993	0.001993	0.001993264033
0.01691576079	0.0023255	0.0021104	0.0020391	0.0020159	0.0020098	0.0020098	0.0020098	0.0020098	0.0020098	0.002009920317
0.01695152442	0.0023428	0.002126	0.0020538	0.0020322	0.0020265	0.0020265	0.0020265	0.0020265	0.0020265	0.002026695709
0.01698728804	0.0023604	0.0021418	0.0020688	0.0020486	0.0020434	0.0020434	0.0020434	0.0020434	0.0020434	0.002043590113
0.01702305167	0.0023782	0.0021579	0.0020841	0.0020653	0.0020604	0.0020604	0.0020604	0.0020604	0.0020604	0.002060607634
0.01705881529	0.0023962	0.0021742	0.0020995	0.0020821	0.0020775	0.0020775	0.0020775	0.0020775	0.0020775	0.002077776473
0.01709457892	0.0024145	0.0021907	0.0021152	0.0020991	0.0020949	0.0020949	0.0020949	0.0020949	0.0020949	0.002095105359
0.01713034254	0.002433	0.0022075	0.0021311	0.0021162	0.0021124	0.0021124	0.0021124	0.0021124	0.0021124	0.002112594033
0.01716610617	0.0024518	0.0022244	0.0021472	0.0021335	0.00213	0.00213	0.00213	0.00213	0.00213	0.002130242374
0.01720186979	0.0024707	0.0022417	0.0021636	0.002151	0.0021478	0.0021478	0.0021478	0.0021478	0.0021478	0.002148049831
0.01723763342	0.00249	0.0022591	0.0021802	0.0021687	0.0021658	0.0021658	0.0021658	0.0021658	0.0021658	0.002166017632
0.01727339704	0.0025094	0.0022768	0.002197	0.0021866	0.0021839	0.0021839	0.0021839	0.0021839	0.0021839	0.002184145157
0.01730916067	0.0025291	0.0022947	0.002214	0.0022046	0.0022022	0.0022022	0.0022022	0.0022022	0.0022022	0.002202432383
0.01734492429	0.002549	0.0023128	0.0022312	0.0022228	0.0022206	0.0022206	0.0022206	0.0022206	0.0022206	0.00222087932
0.01738068792	0.0025692	0.0023311	0.0022487	0.0022411	0.0022392	0.0022392	0.0022392	0.0022392	0.0022392	0.002239485888
0.01741645154	0.0025896	0.0023497	0.0022664	0.0022597	0.002258	0.002258	0.002258	0.002258	0.002258	0.002258252352
0.01745221517	0.0026102	0.0023685	0.0022843	0.0022784	0.0022769	0.0022769	0.0022769	0.0022769	0.0022769	0.002277179245
0.01748797879	0.0026311	0.0023876	0.0023024	0.0022973	0.002296	0.002296	0.002296	0.002296	0.002296	0.002296264305
0.01752374242	0.0026522	0.0024069	0.0023208	0.0023163	0.0023152	0.0023152	0.0023152	0.0023152	0.0023152	0.002315509785
0.01755950604	0.0026735	0.0024264	0.0023394	0.0023356	0.0023346	0.0023346	0.0023346	0.0023346	0.0023346	0.002334915008
0.01759526967	0.0026951	0.0024461	0.0023582	0.002355	0.0023542	0.0023542	0.0023542	0.0023542	0.0023542	0.002354479958
0.01763103329	0.0027169	0.002466	0.0023772	0.0023746	0.0023739	0.0023739	0.0023739	0.0023739	0.0023739	0.00237420465
0.01766679692	0.0027389	0.0024862	0.0023965	0.0023943	0.0023938	0.0023938	0.0023938	0.0023938	0.0023938	0.002394090134
0.01770256054	0.0027612	0.0025066	0.002416	0.0024142	0.0024138	0.0024138	0.0024138	0.0024138	0.0024138	0.002414133234
0.01773832417	0.0027837	0.0025273	0.0024357	0.0024343	0.002434	0.002434	0.002434	0.002434	0.002434	0.002434337763
0.01777408779	0.0028065	0.0025481	0.0024556	0.0024546	0.0024546	0.0024546	0.0024546	0.0024546	0.0024546	0.002454700871
0.01780985142	0.0028295	0.0025692	0.0024758	0.0024751	0.0024751	0.0024751	0.0024751	0.0024751	0.0024751	0.002475224499
0.01784561504	0.0028527	0.0025906	0.0024961	0.0024957	0.0024957	0.0024957	0.0024957	0.0024957	0.0024957	0.002495907498
0.01788137867	0.0028762	0.0026121	0.0025167	0.0025167	0.0025167	0.0025167	0.0025167	0.0025167	0.0025167	0.002516749806
0.01791714229	0.0028999	0.0026339	0.0025376	0.0025376	0.0025376	0.0025376	0.0025376	0.0025376	0.0025376	0.002537752323
0.01795290592	0.0029238	0.0026559	0.0025586	0.0025586	0.0025586	0.0025586	0.0025586	0.0025586	0.0025586	0.002558914545
0.01798866954	0.0029479	0.0026782	0.0025799	0.0025799	0.0025799	0.0025799	0.0025799	0.0025799	0.0025799	0.002580238747
0.01802443317	0.0029723	0.0027006	0.0026014	0.0026014	0.0026014	0.0026014	0.0026014	0.0026014	0.0026014	0.002601745879
0.01806019679	0.002997	0.0027233	0.0026231	0.0026231	0.0026231	0.0026231	0.0026231	0.0026231	0.0026231	0.002623471001
0.01809596042	0.0030218	0.0027463	0.002645	0.002645	0.002645	0.002645	0.002645	0.002645	0.002645	0.002645426829
0.01813172405	0.003047	0.0027694	0.0026672	0.0026672	0.0026672	0.0026672	0.0026672	0.0026672	0.0026672	0.00266759903
0.01816748767	0.0030723	0.0027928	0.0026896	0.0026896	0.0026896	0.0026896	0.0026896	0.0026896	0.0026896	0.002689997189
0.0182032513	0.0030979	0.0028164	0.0027122	0.0027122	0.0027122	0.0027122	0.0027122	0.0027122	0.0027122	0.002712621817
0.01823901492	0.0031237	0.0028403	0.0027351	0.0027351	0.0027351	0.0027351	0.0027351	0.0027351	0.0027351	0.00273547212
0.01827477855	0.0031497	0.0028643	0.0027581	0.0027581	0.0027581	0.0027581	0.0027581	0.0027581	0.0027581	0.002758536834
0.01831054217	0.003176	0.0028886	0.0027814	0.0027814	0.0027814	0.0027814	0.0027814	0.0027814	0.0027814	0.002781831686
0.0183463058	0.0032025	0.0029131	0.0028049	0.0028049	0.0028049	0.0028049	0.0028049	0.0028049	0.0028049	0.002805350373
0.01838206942	0.0032293	0.0029379	0.0028286	0.0028286	0.0028286	0.0028286	0.0028286	0.0028286	0.0028286	0.002829092928
0.01841783305	0.0032563	0.0029629	0.0028526	0.0028526	0.0028526	0.0028526	0.0028526	0.0028526	0.0028526	0.002853059364
0.01845359667	0.0032835	0.0029881	0.0028768	0.0028768	0.0028768	0.0028768	0.0028768	0.0028768	0.0028768	0.002877249664
0.0184893603	0.003311	0.0030135	0.0029012	0.0029012	0.0029012	0.0029012	0.0029012	0.0029012	0.0029012	0.002901667946
0.01852512392	0.0033387	0.0030392	0.0029258	0.0029258	0.0029258	0.0029258	0.0029258	0.0029258	0.0029258	0.002926304085
0.01856088755	0.0033666	0.0030651	0.0029507	0.0029507	0.0029507	0.0029507	0.0029507	0.0029507	0.0029507	0.002951164423
0.01859665117	0.0033948	0.0030912	0.0029758	0.0029758	0.0029758	0.0029758	0.0029758	0.0029758	0.0029758	0.002976252261
0.0186324148	0.0034232	0.0031131	0.0030011	0.0030011	0.0030011	0.0030011	0.0030011	0.0030011	0.0030011	0.003001559901
0.01866817842	0.0034518	0.003122	0.0030266	0.0030266	0.0030266	0.0030266	0.0030266	0.0030266	0.0030266	0.003027093244
0.01870394205	0.0034807	0.0031324	0.0030523	0.0030523	0.0030523	0.0030523	0.0030523	0.0030523	0.0030523	0.003052850597
0.01873970567	0.0035098	0.0031444	0.0030783	0.0030783	0.0030783	0.0030783	0.0030783	0.0030783	0.0030783	0.003078832356
0.0187754693	0.0035373	0.003158	0.0031045	0.0031045	0.0031045	0.0031045	0.0031045	0.0031045	0.0031045	0.003105037219
0.01881123292	0.0035307	0.0031731	0.0031309	0.0031309	0.0031309	0.0031309	0.0031309	0.0031309	0.0031309	0.003131466592
0.01884699655	0.0035263	0.0031898	0.0031576	0.0031576	0.0031576	0.0031576	0.0031576	0.0031576	0.0031576	0.003158120671
0.01888276017	0.0035241	0.0032081	0.0031844	0.0031844	0.0031844	0.0031844	0.0031844	0.0031844	0.0031844	0.0031849964
0.0189185238	0.0035241	0.0032279	0.0032115	0.0032115	0.0032115	0.0032115	0.0032115	0.0032115	0.0032115	0.003212098662
0.01895428742	0.0035263	0.0032492	0.0032388	0.0032388	0.0032388	0.0032388	0.0032388	0.0032388	0.0032388	0.003239429059
0.01899005105	0.0035307	0.0032722	0.0032664	0.0032664	0.0032664	0.0032664	0.0032664	0.0032664	0.0032664	0.003266970171
0.01902581467	0.0035373	0.0032967	0.0032967	0.0032967	0.0032967	0.0032967	0.0032967	0.0032967	0.0032967	0.003294742987
0.0190615783	0.0035461	0.0033227	0.0033227	0.0033227	0.0033227	0.0033227	0.0033227	0.0033227	0.0033227	0.003322738857
0.01909734192	0.0035571	0.0033503	0.0033503	0.0033503	0.0033503	0.0033503	0.0033503	0.0033503	0.0033503	0.00335096605
0.01913310555	0.0035703	0.0033795	0.0033795	0.0033795	0.0033795	0.0033795	0.0033795	0.0033795	0.0033795	0.00338021566
0.01916886917	0.0035857	0.0034102	0.0034102	0.0034102	0.0034102	0.0034102	0.0034102	0.0034102	0.0034102	0.003411029516
0.0192046328	0.0036033	0.0034426	0.0034426	0.0034426	0.0034426	0.0034426	0.0034426	0.0034426	0.0034426	0.00344340904
0.01924039642	0.0036232	0.0034764	0.0034764	0.0034764	0.0034764	0.0034764	0.0034764	0.0034764	0.0034764	0.003477354287
0.01927616005	0.0036452	0.0035118	0.0035118	0.0035118	0.0035118	0.0035118	0.0035118	0.0035118	0.0035118	0.00351286507
0.01931192367	0.0036694	0.0035488	0.0035488	0.0035488	0.0035488	0.0035488	0.0035488	0.0035488	0.0035488	0.003549943754
0.0193476873	0.0036958	0.0035874	0.0035874	0.0035874	0.0035874	0.0035874	0.0035874	0.0035874	0.0035874	0.003588583086
0.01938345092	0.0037245	0.0036275	0.0036275	0.0036275	0.0036275	0.0036275	0.0036275	0.0036275	0.0036275	0.003628792136
0.01941921455	0.0037553	0.0036691	0.0036691	0.0036691	0.0036691	0.0036691	0.0036691	0.0036691	0.0036691	0.003670565381
0.01945497817	0.0037884	0.0037124	0.0037124	0.0037124	0.0037124	0.0037124	0.0037124	0.0037124	0.0037124	0.003713902056
0.0194907418	0.0038236	0.0037572	0.0037572	0.0037572	0.0037572	0.0037572	0.0037572	0.0037572	0.0037572	0.003758804677
0.01952650542	0.003861	0.0038035	0.0038035	0.0038035	0.0038035	0.0038035	0.0038035	0.0038035	0.0038035	0.003805275112
0.01956226905	0.0039007	0.0038514	0.0038514	0.0038514	0.0038514	0.0038514	0.0038514	0.0038514	0.0038514	0.003853308787
0.01959803267	0.0039425	0.0039009	0.0039009	0.0039009	0.0039009	0.0039009	0.0039009	0.0039009	0.0039009	0.00390290866
0.0196337963	0.0039866	0.003952	0.003952	0.003952	0.003952	0.003952	0.003952	0.003952	0.003952	0.003954074413
0.01966955993	0.0040329	0.0040046	0.0040046	0.0040046	0.0040046	0.0040046	0.0040046	0.0040046	0.0040046	0.004006804694
0.01970532355	0.0040813	0.0040587	0.0040587	0.0040587	0.0040587	0.0040587	0.0040587	0.0040587	0.0040587	0.00406110122
0.01974108718	0.004132	0.0041145	0.0041145	0.0041145	0.0041145	0.0041145	0.0041145	0.0041145	0.0041145	0.00411696311
0.0197768508	0.0041848	0.0041717	0.0041717	0.0041717	0.0041717	0.0041717	0.0041717	0.0041717	0.0041717	0.004174390404
0.01981261443	0.0042399	0.0042306	0.0042306	0.0042306	0.0042306	0.0042306	0.0042306	0.0042306	0.0042306	0.004233383134
0.01984837805	0.0042972	0.004291	0.004291	0.004291	0.004291	0.004291	0.004291	0.004291	0.004291	0.004293941433
0.01988414168	0.0043567	0.004353	0.004353	0.004353	0.004353	0.004353	0.004353	0.004353	0.004353	0.00435606527
0.0199199053	0.0044183	0.0044165	0.0044165	0.0044165	0.0044165	0.0044165	0.0044165	0.0044165	0.0044165	0.004419754557
0.01995566893	0.0044822	0.0044822	0.0044822	0.0044822	0.0044822	0.0044822	0.0044822	0.0044822	0.0044822	0.004485010112
0.01999143255	0.0045483	0.0045483	0.0045483	0.0045483	0.0045483	0.0045483	0.0045483	0.0045483	0.0045483	0.004551829205
0.02002719618	0.0046166	0.0046166	0.0046166	0.0046166	0.0046166	0.0046166	0.0046166	0.0046166	0.0046166	0.004620380335
0.0200629598	0.0046871	0.0046871	0.0046871	0.0046871	0.0046871	0.0046871	0.0046871	0.0046871	0.0046871	0.004691116316
0.02009872343	0.0048202	0.0048202	0.0048202	0.0048202	0.0048202	0.0048202	0.0048202	0.0048202	0.0048202	0.00476406528
