0.002253	126	189	203	216	223	235	279	312	342	390	0.065446	0.139610	0.055809	0.058569	0.061385	0.092269	0.087746	0.129606	0.107991	0.201568	
0.002288	126	189	203	216	223	235	279	312	342	390	0.068808	0.136979	0.061603	0.062316	0.058789	0.085932	0.084869	0.133204	0.110042	0.197457	
0.002324	126	189	203	216	223	235	279	312	342	390	0.072169	0.134349	0.067398	0.066063	0.056194	0.079596	0.081993	0.136801	0.112093	0.193345	
0.002360	126	189	203	216	223	235	279	312	342	390	0.075530	0.131718	0.073192	0.069811	0.053598	0.073260	0.079116	0.140398	0.114144	0.189234	
0.002396	126	189	203	216	223	235	279	312	342	390	0.078892	0.129087	0.078986	0.073558	0.051002	0.066925	0.076239	0.143994	0.116194	0.185123	
0.002431	126	189	203	216	223	235	279	312	342	390	0.082253	0.126456	0.084781	0.077305	0.048407	0.060589	0.073362	0.147591	0.118245	0.181011	
0.002467	126	189	203	216	223	235	279	312	342	390	0.085615	0.123824	0.090576	0.081053	0.045811	0.054254	0.070485	0.151188	0.120295	0.176899	
0.002503	126	189	203	216	223	241	279	312	342	390	0.080438	0.131508	0.053794	0.068215	0.055090	0.073376	0.077473	0.146659	0.119394	0.194053	
0.002539	126	189	203	216	223	241	279	312	342	390	0.083699	0.125408	0.061672	0.070182	0.051814	0.078216	0.073167	0.149327	0.119042	0.187473	
0.002575	126	189	203	216	223	241	279	312	342	390	0.086957	0.119309	0.069549	0.072145	0.048534	0.083054	0.068858	0.152000	0.118691	0.180902	
0.002610	126	189	203	216	223	241	279	312	342	390	0.090215	0.113210	0.077427	0.074109	0.045255	0.087893	0.064549	0.154673	0.118340	0.174330	
0.002646	126	189	203	216	223	241	279	312	342	390	0.093472	0.107112	0.085304	0.076073	0.041975	0.092731	0.060240	0.157346	0.117989	0.167758	
0.002682	179	189	203	216	223	261	279	312	342	390	0.084871	0.138552	0.068763	0.081836	0.054979	0.062145	0.078408	0.120538	0.133120	0.176789	
0.002718	179	189	203	216	223	261	279	312	342	390	0.093072	0.135185	0.072637	0.083117	0.053269	0.064891	0.075859	0.120411	0.133167	0.168391	
0.002753	179	189	203	216	223	261	279	312	342	390	0.101274	0.131818	0.076512	0.084399	0.051559	0.067637	0.073309	0.120284	0.133214	0.159993	
0.002789	179	189	203	216	223	261	279	312	342	390	0.109476	0.128452	0.080386	0.085681	0.049849	0.070383	0.070760	0.120157	0.133261	0.151596	
0.002825	179	189	203	216	223	261	279	312	342	390	0.117678	0.125085	0.084261	0.086963	0.048139	0.073129	0.068210	0.120030	0.133308	0.143198	
0.002861	179	189	203	216	223	261	279	312	342	390	0.125880	0.121718	0.088135	0.088244	0.046429	0.075875	0.065661	0.119903	0.133355	0.134800	
0.002896	179	189	203	216	223	261	279	312	342	390	0.134081	0.118352	0.092010	0.089526	0.044719	0.078622	0.063112	0.119775	0.133401	0.126402	
0.002932	179	189	203	216	223	241	261	312	342	390	0.120901	0.113598	0.091840	0.069317	0.048003	0.089736	0.065640	0.130617	0.132366	0.137983	
0.002968	179	189	203	216	223	241	261	312	342	390	0.129030	0.109251	0.095100	0.070248	0.046211	0.091276	0.069015	0.129452	0.131383	0.129033	
0.003004	179	189	203	216	223	241	261	312	342	390	0.137160	0.104904	0.098360	0.071180	0.044420	0.092816	0.072391	0.128286	0.130400	0.120084	
0.003039	179	189	203	223	232	241	261	312	342	390	0.116382	0.130294	0.079133	0.050359	0.035497	0.113880	0.072905	0.121398	0.126928	0.153223	
0.003075	179	189	203	223	232	241	261	312	342	390	0.122497	0.127153	0.080929	0.049058	0.037707	0.115107	0.075641	0.120016	0.125687	0.146206	
0.003111	179	189	203	223	232	241	261	312	342	390	0.128611	0.124012	0.082724	0.047756	0.039918	0.116333	0.078377	0.118634	0.124446	0.139189	
0.003147	179	189	203	223	232	241	261	312	342	390	0.134725	0.120871	0.084520	0.046454	0.042129	0.117559	0.081114	0.117252	0.123204	0.132173	
0.003183	179	189	203	223	232	241	261	312	342	390	0.140839	0.117730	0.086315	0.045153	0.044340	0.118785	0.083850	0.115870	0.121962	0.125156	
0.003218	179	189	203	223	232	241	261	312	342	390	0.146953	0.114589	0.088111	0.043851	0.046551	0.120011	0.086586	0.114488	0.120721	0.118139	
0.003254	101	179	189	203	216	223	232	312	342	390	0.028060	0.134410	0.131980	0.086281	0.091205	0.043360	0.037412	0.168113	0.148089	0.131091	
0.003290	101	179	189	203	216	223	232	312	342	390	0.029985	0.137983	0.130245	0.086724	0.091734	0.042566	0.038708	0.167778	0.147334	0.126942	
0.003326	179	189	203	216	223	232	261	312	342	354	0.149899	0.129654	0.097166	0.094641	0.050742	0.036827	0.064648	0.135040	0.164371	0.077011	
0.003361	179	189	203	216	223	232	261	312	342	354	0.152214	0.124631	0.099049	0.094216	0.048551	0.039646	0.067230	0.133164	0.161769	0.079531	
0.003397	179	189	203	216	223	232	261	312	342	354	0.154528	0.119609	0.100932	0.093791	0.046360	0.042464	0.069812	0.131288	0.159167	0.082050	
0.003433	179	189	203	216	223	232	261	312	342	354	0.156843	0.114586	0.102814	0.093366	0.044169	0.045283	0.072394	0.129411	0.156566	0.084569	
0.003469	179	189	203	216	223	232	261	312	342	354	0.159157	0.109563	0.104697	0.092941	0.041977	0.048102	0.074976	0.127535	0.153964	0.087088	
0.003504	149	179	189	203	216	223	232	261	312	342	0.077924	0.146637	0.130561	0.099819	0.104490	0.053492	0.038820	0.072885	0.120620	0.154751	
0.003540	101	179	189	203	216	223	232	312	342	354	0.026997	0.152091	0.124106	0.092519	0.100633	0.044993	0.040793	0.168890	0.168464	0.080515	
0.003576	101	179	189	203	216	223	232	312	342	354	0.029210	0.153606	0.121575	0.092734	0.100598	0.043848	0.042286	0.168127	0.166821	0.081194	
0.003612	101	149	179	189	203	216	223	232	312	342	0.026555	0.074328	0.143204	0.138241	0.090371	0.111284	0.053295	0.035309	0.160976	0.166437	
0.003647	101	149	179	189	203	216	223	232	312	342	0.028316	0.077291	0.142652	0.136134	0.090411	0.111459	0.052564	0.036401	0.159781	0.164990	
0.003683	101	149	179	189	203	216	223	232	312	342	0.030077	0.080253	0.142101	0.134027	0.090451	0.111635	0.051833	0.037492	0.158587	0.163543	
0.003719	101	149	179	189	203	216	223	232	312	342	0.031839	0.083216	0.141549	0.131919	0.090491	0.111811	0.051102	0.038584	0.157392	0.162097	
0.003755	101	149	179	189	203	216	223	232	312	342	0.033600	0.086178	0.140998	0.129812	0.090531	0.111986	0.050371	0.039676	0.156198	0.160650	
0.003791	101	149	179	189	203	216	223	232	312	342	0.035361	0.089141	0.140446	0.127705	0.090571	0.112162	0.049640	0.040767	0.155003	0.159203	
0.003826	101	149	179	189	203	216	223	232	312	342	0.037122	0.092103	0.139894	0.125598	0.090611	0.112338	0.048909	0.041859	0.153809	0.157756	
0.003862	101	149	179	189	203	216	223	232	312	342	0.038884	0.095065	0.139339	0.123493	0.090650	0.112513	0.048182	0.042953	0.152612	0.156307	
0.003898	101	149	179	189	203	216	223	232	312	342	0.040645	0.098028	0.138788	0.121386	0.090690	0.112689	0.047451	0.044045	0.151417	0.154861	
0.003934	101	149	179	189	203	216	223	232	312	342	0.042407	0.100990	0.138237	0.119278	0.090730	0.112865	0.046720	0.045136	0.150223	0.153414	
0.003969	101	149	179	189	203	216	223	232	312	342	0.044168	0.103953	0.137686	0.117171	0.090770	0.113040	0.045989	0.046228	0.149029	0.151967	
0.004005	101	149	179	189	203	216	223	232	312	342	0.045929	0.106915	0.137134	0.115064	0.090810	0.113216	0.045258	0.047320	0.147834	0.150520	
0.004041	101	149	179	189	203	216	223	232	312	342	0.047690	0.109878	0.136582	0.112956	0.090850	0.113391	0.044527	0.048412	0.146640	0.149073	
0.004077	101	149	179	189	203	216	223	232	312	342	0.049451	0.112840	0.136031	0.110849	0.090890	0.113567	0.043796	0.049503	0.145445	0.147626	
0.004112	101	149	179	189	203	216	223	232	312	342	0.051213	0.115802	0.135479	0.108742	0.090930	0.113743	0.043066	0.050595	0.144250	0.146179	
0.004148	101	149	179	189	203	216	232	312	342	438	0.042970	0.092376	0.135490	0.092575	0.102134	0.108628	0.044303	0.160372	0.154008	0.067143	
0.004184	101	149	179	189	203	216	232	312	342	438	0.044771	0.095556	0.134213	0.090321	0.101959	0.108650	0.045423	0.158640	0.152354	0.068114	
0.004220	101	149	179	189	203	216	232	312	342	438	0.046571	0.098735	0.132936	0.088067	0.101785	0.108672	0.046543	0.156908	0.150699	0.069084	
0.004255	101	149	179	189	203	216	232	312	342	438	0.048372	0.101913	0.131658	0.085818	0.101610	0.108692	0.047664	0.155175	0.149043	0.070056	
0.004291	101	149	179	189	203	216	232	312	342	438	0.050172	0.105093	0.130381	0.083564	0.101435	0.108714	0.048783	0.153443	0.147389	0.071026	
0.004327	101	149	179	189	203	216	232	312	342	438	0.051972	0.108273	0.129105	0.081309	0.101261	0.108736	0.049903	0.151711	0.145735	0.071996	
0.004363	101	149	179	203	216	232	261	312	342	438	0.041938	0.091761	0.149587	0.109727	0.121426	0.045220	0.077080	0.114299	0.164205	0.084758	
0.004398	101	149	179	203	216	232	261	312	342	438	0.043869	0.095013	0.147974	0.109266	0.120757	0.046479	0.077859	0.111806	0.161440	0.085537	
0.004434	101	149	179	203	216	232	261	312	342	438	0.045800	0.098264	0.146362	0.108804	0.120088	0.047739	0.078638	0.109314	0.158674	0.086316	
0.004470	101	149	179	203	216	232	261	312	342	438	0.047731	0.101514	0.144748	0.108343	0.119419	0.049000	0.079419	0.106821	0.155908	0.087097	
0.004506	101	149	179	203	216	232	261	312	342	438	0.049662	0.104766	0.143136	0.107882	0.118750	0.050259	0.080197	0.104329	0.153143	0.087876	
0.004542	101	149	179	203	216	232	261	312	342	438	0.051593	0.108018	0.141523	0.107420	0.118081	0.051518	0.080976	0.101837	0.150378	0.088655	
0.004577	101	149	179	203	216	232	261	312	342	438	0.053524	0.111269	0.139911	0.106959	0.117412	0.052778	0.081755	0.099345	0.147613	0.089435	
0.004613	101	149	179	203	216	232	261	312	342	438	0.055455	0.114521	0.138298	0.106498	0.116743	0.054037	0.082534	0.096852	0.144847	0.090214	
0.004649	101	149	179	203	216	232	261	312	342	438	0.057386	0.117773	0.136685	0.106037	0.116074	0.055297	0.083312	0.094360	0.142082	0.090993	
0.004685	101	149	179	203	216	232	261	312	342	438	0.059317	0.121025	0.135073	0.105576	0.115405	0.056556	0.084091	0.091868	0.139317	0.091772	
0.004720	101	149	179	203	216	232	261	312	342	438	0.061248	0.124277	0.133460	0.105115	0.114736	0.057816	0.084870	0.089376	0.136551	0.092552	
0.004756	101	149	179	203	216	232	261	312	342	438	0.063179	0.127528	0.131848	0.104653	0.114067	0.059075	0.085649	0.086884	0.133786	0.093331	
0.004792	101	149	179	203	216	232	261	312	342	438	0.065110	0.130780	0.130235	0.104192	0.113398	0.060335	0.086428	0.084391	0.131021	0.094110	
0.004828	101	149	179	203	216	232	261	312	342	438	0.067041	0.134031	0.128622	0.103731	0.112729	0.061594	0.087207	0.081899	0.128256	0.094890	
0.004863	101	149	179	203	216	232	261	342	402	438	0.057515	0.125944	0.132735	0.098935	0.110050	0.055661	0.139347	0.132046	0.051410	0.096356	
0.004899	101	149	179	203	216	232	261	342	402	438	0.059559	0.129254	0.130885	0.097977	0.109173	0.056898	0.138753	0.128808	0.051907	0.096785	
0.004935	101	149	179	203	216	232	261	342	402	438	0.061604	0.132564	0.129034	0.097019	0.108297	0.058136	0.138159	0.125569	0.052404	0.097215	
0.004971	101	149	179	203	216	232	261	342	402	438	0.063648	0.135874	0.127184	0.096060	0.107420	0.059373	0.137565	0.122331	0.052902	0.097644	
0.005006	101	149	179	203	216	232	261	342	402	438	0.065692	0.139184	0.125333	0.095102	0.106544	0.060611	0.136971	0.119092	0.053399	0.098073	
0.005042	101	149	179	203	216	232	261	342	402	438	0.067736	0.142494	0.123482	0.094143	0.105667	0.061848	0.136378	0.115854	0.053896	0.098502	
0.005078	101	149	179	203	216	261	342	402	416	438	0.051227	0.126004	0.134660	0.097217	0.118583	0.139460	0.144185	0.068448	0.027577	0.092639	
0.005114	101	149	179	203	216	261	342	402	416	438	0.052316	0.127944	0.133534	0.096116	0.118148	0.138984	0.142279	0.069258	0.028662	0.092758	
0.005150	101	149	179	203	216	261	342	402	416	438	0.053405	0.129883	0.132408	0.095015	0.117714	0.138509	0.140374	0.070068	0.029748	0.092877	
0.005185	101	149	179	203	216	261	342	402	416	438	0.054494	0.131822	0.131282	0.093914	0.117279	0.138033	0.138468	0.070879	0.030833	0.092997	
0.005221	101	149	179	203	216	261	342	402	416	438	0.055582	0.133761	0.130156	0.092813	0.116844	0.137558	0.136562	0.071689	0.031919	0.093116	
0.005257	101	149	179	203	216	261	342	402	416	438	0.056671	0.135700	0.129030	0.091712	0.116409	0.137082	0.134657	0.072499	0.033004	0.093235	
0.005293	101	149	179	203	216	261	342	402	416	438	0.057760	0.137640	0.127904	0.090611	0.115974	0.136607	0.132751	0.073309	0.034090	0.093355	
0.005328	101	149	179	203	216	261	342	402	416	438	0.058849	0.139579	0.126778	0.089510	0.115539	0.136131	0.130845	0.074120	0.035175	0.093474	
0.005364	101	149	179	203	216	261	342	402	416	438	0.059937	0.141515	0.125652	0.088410	0.115104	0.135655	0.128940	0.074931	0.036262	0.093594	
0.005400	101	149	179	216	232	261	339	402	416	438	0.057947	0.120866	0.155643	0.092515	0.063183	0.154313	0.155419	0.080389	0.030220	0.089506	
0.005436	101	149	179	216	232	261	339	402	416	438	0.059079	0.122963	0.153962	0.092105	0.063323	0.153394	0.153393	0.080880	0.031267	0.089634	
0.005471	101	149	179	216	232	261	339	402	416	438	0.060211	0.125061	0.152280	0.091694	0.063464	0.152476	0.151367	0.081371	0.032314	0.089763	
0.005507	101	149	179	216	232	261	339	402	416	438	0.061343	0.127158	0.150599	0.091283	0.063604	0.151557	0.149342	0.081862	0.033361	0.089891	
0.005543	101	149	179	216	232	261	339	402	416	438	0.062475	0.129256	0.148918	0.090872	0.063744	0.150639	0.147316	0.082353	0.034408	0.090020	
0.005579	101	149	179	216	232	261	339	402	416	438	0.063607	0.131353	0.147237	0.090461	0.063884	0.149720	0.145291	0.082844	0.035455	0.090148	
0.005614	101	149	179	216	232	261	339	402	416	438	0.064739	0.133450	0.145556	0.090051	0.064025	0.148801	0.143265	0.083335	0.036502	0.090276	
0.005650	101	149	179	216	232	261	339	402	416	438	0.065871	0.135548	0.143875	0.089640	0.064165	0.147883	0.141240	0.083826	0.037549	0.090405	
0.005686	101	149	179	216	232	261	339	402	416	438	0.067003	0.137645	0.142194	0.089229	0.064305	0.146964	0.139214	0.084317	0.038595	0.090533	
0.005722	101	149	179	216	232	261	339	402	416	438	0.068135	0.139743	0.140513	0.088818	0.064445	0.146046	0.137189	0.084808	0.039642	0.090662	
0.005758	101	149	179	216	232	261	339	402	416	438	0.069267	0.141840	0.138832	0.088407	0.064586	0.145127	0.135163	0.085299	0.040689	0.090790	
0.005793	101	149	179	216	232	261	339	402	416	438	0.070399	0.143938	0.137151	0.087996	0.064726	0.144209	0.133138	0.085790	0.041736	0.090918	
0.005829	101	149	179	216	232	261	339	402	416	438	0.071531	0.146035	0.135469	0.087586	0.064866	0.143290	0.131112	0.086281	0.042783	0.091047	
0.005865	101	149	179	216	232	261	339	402	416	438	0.072663	0.148131	0.133788	0.087177	0.065007	0.142371	0.129086	0.086772	0.043830	0.091176	
0.005901	101	149	179	216	232	261	339	402	416	438	0.073795	0.150228	0.132107	0.086766	0.065147	0.141452	0.127060	0.087263	0.044877	0.091304	
0.005936	101	149	179	216	232	261	339	402	416	438	0.074927	0.152326	0.130426	0.086355	0.065288	0.140534	0.125035	0.087754	0.045924	0.091433	
0.005972	101	149	179	216	232	261	339	402	416	438	0.076059	0.154423	0.128745	0.085944	0.065428	0.139615	0.123009	0.088245	0.046971	0.091561	
0.006008	101	149	179	216	232	261	339	402	416	438	0.077191	0.156521	0.127064	0.085533	0.065568	0.138697	0.120984	0.088736	0.048018	0.091689	
0.006044	101	149	179	216	232	261	339	402	416	438	0.078323	0.158618	0.125383	0.085122	0.065708	0.137778	0.118958	0.089227	0.049065	0.091818	
0.006079	101	149	179	216	232	261	339	402	416	438	0.079455	0.160716	0.123702	0.084711	0.065848	0.136859	0.116933	0.089718	0.050112	0.091946	
0.006115	101	149	179	232	261	339	363	402	416	438	0.073419	0.144007	0.141413	0.064494	0.153344	0.150379	0.053290	0.096703	0.046156	0.076795	
0.006151	101	149	179	232	261	339	363	402	416	438	0.074507	0.146035	0.139624	0.064508	0.152411	0.148006	0.053980	0.097184	0.047157	0.076588	
0.006187	101	149	179	232	261	339	363	402	416	438	0.075595	0.148063	0.137834	0.064522	0.151479	0.145633	0.054670	0.097665	0.048158	0.076381	
0.006222	101	149	179	232	261	339	363	402	416	438	0.076684	0.150091	0.136044	0.064536	0.150546	0.143260	0.055360	0.098146	0.049159	0.076174	
0.006258	101	149	179	232	261	339	363	402	416	438	0.077772	0.152119	0.134254	0.064549	0.149613	0.140888	0.056051	0.098627	0.050160	0.075967	
0.006294	101	149	179	232	261	339	363	402	416	438	0.078860	0.154147	0.132465	0.064563	0.148681	0.138515	0.056741	0.099108	0.051160	0.075760	
0.006330	101	149	179	232	261	339	363	402	416	438	0.079948	0.156175	0.130675	0.064577	0.147748	0.136142	0.057431	0.099589	0.052161	0.075553	
0.006365	101	149	179	232	261	339	363	402	416	438	0.081037	0.158203	0.128885	0.064591	0.146816	0.133769	0.058122	0.100070	0.053162	0.075346	
0.006401	101	149	179	232	261	339	363	402	416	438	0.082125	0.160228	0.127095	0.064606	0.145882	0.131395	0.058813	0.100551	0.054163	0.075141	
0.006437	101	149	179	232	261	339	363	402	416	438	0.083213	0.162256	0.125306	0.064620	0.144950	0.129023	0.059504	0.101032	0.055164	0.074934	
0.006473	101	149	179	232	261	339	363	402	416	438	0.084301	0.164285	0.123516	0.064634	0.144017	0.126650	0.060194	0.101513	0.056164	0.074726	
0.006509	101	149	179	216	232	261	275	363	402	416	0.083258	0.160866	0.147104	0.111414	0.050911	0.152559	0.072727	0.067359	0.104778	0.049025	
0.006544	101	149	179	216	232	261	275	363	402	416	0.084324	0.162847	0.144637	0.109933	0.050943	0.151111	0.073165	0.067846	0.105063	0.050131	
0.006580	101	149	179	216	232	261	275	363	402	416	0.085390	0.164828	0.142171	0.108452	0.050975	0.149663	0.073602	0.068334	0.105349	0.051237	
0.006616	101	149	179	216	232	261	275	363	402	416	0.086456	0.166808	0.139704	0.106971	0.051007	0.148214	0.074040	0.068821	0.105635	0.052343	
0.006652	101	149	179	216	232	261	275	363	402	416	0.087522	0.168789	0.137238	0.105490	0.051039	0.146766	0.074478	0.069309	0.105920	0.053448	
0.006687	101	149	179	216	232	261	275	363	402	416	0.088588	0.170770	0.134771	0.104009	0.051071	0.145318	0.074916	0.069796	0.106206	0.054554	
0.006723	101	149	179	216	232	261	275	363	402	416	0.089654	0.172750	0.132305	0.102528	0.051103	0.143870	0.075354	0.070284	0.106492	0.055660	
0.006759	101	149	179	216	232	261	275	363	402	416	0.090720	0.174728	0.129838	0.101048	0.051137	0.142421	0.075793	0.070772	0.106777	0.056766	
0.006795	101	149	179	216	232	261	275	363	402	416	0.091786	0.176709	0.127372	0.099567	0.051169	0.140973	0.076231	0.071259	0.107063	0.057872	
0.006830	101	149	179	216	232	261	275	363	402	416	0.092852	0.178689	0.124905	0.098086	0.051201	0.139525	0.076669	0.071746	0.107348	0.058978	
0.006866	101	149	179	216	232	261	275	363	402	416	0.093918	0.180670	0.122439	0.096605	0.051233	0.138077	0.077107	0.072234	0.107634	0.060084	
0.006902	101	149	179	216	232	261	275	363	402	416	0.094985	0.182650	0.119972	0.095124	0.051265	0.136629	0.077545	0.072721	0.107920	0.061190	
0.006938	101	149	179	216	232	261	275	363	402	416	0.096051	0.184631	0.117506	0.093643	0.051297	0.135180	0.077982	0.073209	0.108205	0.062296	
0.006973	101	149	179	216	232	261	275	363	402	416	0.097117	0.186611	0.115039	0.092162	0.051329	0.133732	0.078420	0.073696	0.108491	0.063402	
0.007009	46	101	149	216	232	261	402	416	438	444	0.050566	0.090000	0.193864	0.127979	0.066049	0.118088	0.091832	0.053491	0.104058	0.104074	
0.007045	46	101	149	216	232	261	402	416	438	444	0.051488	0.091018	0.194146	0.126344	0.066121	0.116373	0.091895	0.054562	0.103217	0.104837	
0.007081	46	101	149	216	232	261	402	416	438	444	0.052410	0.092035	0.194428	0.124709	0.066193	0.114658	0.091958	0.055633	0.102375	0.105601	
0.007117	46	101	149	216	232	261	402	416	438	444	0.053332	0.093053	0.194710	0.123074	0.066265	0.112943	0.092020	0.056704	0.101534	0.106364	
0.007152	46	101	149	216	232	261	402	416	438	444	0.054255	0.094071	0.194991	0.121439	0.066336	0.111229	0.092083	0.057775	0.100693	0.107128	
0.007188	46	101	149	216	232	261	402	416	438	444	0.055177	0.095088	0.195273	0.119804	0.066408	0.109514	0.092146	0.058846	0.099852	0.107891	
0.007224	46	101	149	216	261	275	363	402	416	444	0.050740	0.087181	0.199918	0.126881	0.123017	0.079394	0.071699	0.112267	0.060133	0.088770	
0.007260	46	101	149	216	261	275	363	402	416	444	0.051619	0.088220	0.199994	0.124834	0.121213	0.079508	0.071950	0.112215	0.061219	0.089229	
0.007295	46	101	149	216	261	275	363	402	416	444	0.052498	0.089258	0.200070	0.122786	0.119408	0.079623	0.072201	0.112163	0.062304	0.089688	
0.007331	46	101	149	216	261	275	363	402	416	444	0.053377	0.090297	0.200146	0.120739	0.117603	0.079738	0.072452	0.112110	0.063390	0.090147	
0.007367	46	101	149	216	261	275	363	402	416	444	0.054256	0.091336	0.200222	0.118692	0.115799	0.079853	0.072703	0.112058	0.064476	0.090606	
0.007403	46	101	149	216	261	275	363	402	416	444	0.055134	0.092374	0.200298	0.116644	0.113994	0.079968	0.072953	0.112006	0.065562	0.091065	
0.007438	46	101	149	216	261	275	363	402	416	444	0.056013	0.093413	0.200375	0.114597	0.112189	0.080083	0.073204	0.111954	0.066648	0.091524	
0.007474	46	101	149	216	261	275	363	402	416	444	0.056892	0.094452	0.200451	0.112550	0.110385	0.080197	0.073455	0.111902	0.067733	0.091983	
0.007510	46	101	149	216	261	275	363	402	416	444	0.057771	0.095490	0.200527	0.110502	0.108580	0.080312	0.073706	0.111850	0.068819	0.092442	
0.007546	46	101	149	216	261	275	363	402	416	444	0.058650	0.096529	0.200603	0.108455	0.106775	0.080427	0.073957	0.111798	0.069905	0.092901	
0.007581	46	101	149	216	261	275	363	402	416	444	0.059529	0.097568	0.200679	0.106408	0.104971	0.080542	0.074208	0.111746	0.070991	0.093360	
0.007617	46	101	149	216	261	275	363	402	416	444	0.060408	0.098606	0.200755	0.104360	0.103166	0.080657	0.074458	0.111694	0.072077	0.093819	
0.007653	46	101	149	216	261	275	363	402	416	444	0.061286	0.099645	0.200831	0.102313	0.101361	0.080772	0.074709	0.111642	0.073162	0.094278	
0.007689	46	101	149	216	261	275	363	402	416	444	0.062165	0.100684	0.200908	0.100266	0.099556	0.080886	0.074960	0.111589	0.074248	0.094737	
0.007725	46	101	149	216	261	275	363	402	416	444	0.063044	0.101722	0.200984	0.098218	0.097752	0.081001	0.075211	0.111537	0.075334	0.095196	
0.007760	46	101	149	216	261	275	363	402	416	444	0.063923	0.102761	0.201060	0.096171	0.095947	0.081116	0.075462	0.111485	0.076420	0.095655	
0.007796	46	101	149	216	261	275	363	402	416	444	0.064802	0.103800	0.201136	0.094124	0.094142	0.081231	0.075712	0.111433	0.077506	0.096114	
0.007832	46	101	149	216	261	275	363	402	416	444	0.065681	0.104839	0.201212	0.092076	0.092338	0.081346	0.075963	0.111381	0.078591	0.096573	
0.007868	46	101	149	216	261	275	363	402	416	444	0.066560	0.105877	0.201288	0.090029	0.090533	0.081461	0.076214	0.111329	0.079677	0.097032	
0.007903	46	101	149	216	261	275	363	402	416	444	0.067438	0.106916	0.201364	0.087982	0.088728	0.081575	0.076465	0.111277	0.080763	0.097491	
0.007939	46	101	149	216	261	275	363	402	416	444	0.068317	0.107955	0.201440	0.085934	0.086924	0.081690	0.076716	0.111225	0.081849	0.097950	
0.007975	3	46	101	149	216	261	363	402	416	444	0.041227	0.067505	0.101877	0.199302	0.104147	0.094838	0.082654	0.115093	0.075121	0.118237	
0.008011	3	46	101	149	216	261	363	402	416	444	0.041753	0.068331	0.102813	0.199205	0.102182	0.093063	0.082862	0.114993	0.076074	0.118724	
0.008046	3	46	101	149	216	261	363	402	416	444	0.042280	0.069158	0.103749	0.199107	0.100216	0.091288	0.083071	0.114892	0.077028	0.119212	
0.008082	3	46	101	149	216	261	363	402	416	444	0.042806	0.069984	0.104685	0.199009	0.098251	0.089513	0.083279	0.114792	0.077982	0.119699	
0.008118	3	46	101	149	216	261	363	402	416	444	0.043333	0.070811	0.105621	0.198911	0.096285	0.087738	0.083487	0.114692	0.078935	0.120187	
0.008154	46	101	149	232	261	275	363	402	416	444	0.066807	0.109389	0.203908	0.057588	0.103347	0.084523	0.082737	0.112566	0.074895	0.104239	
0.008189	46	101	149	232	261	275	363	402	416	444	0.067917	0.110601	0.203718	0.057454	0.100517	0.084316	0.082659	0.112088	0.076186	0.104544	
0.008225	46	101	149	216	275	336	363	402	416	444	0.070035	0.112658	0.201243	0.113338	0.076957	0.070101	0.067781	0.108936	0.071090	0.107860	
0.008261	46	101	149	216	275	336	363	402	416	444	0.070740	0.113560	0.200652	0.110384	0.076727	0.071070	0.067992	0.108879	0.072098	0.107898	
0.008297	46	101	149	216	275	336	363	402	416	444	0.071445	0.114462	0.200060	0.107430	0.076497	0.072039	0.068202	0.108821	0.073106	0.107937	
0.008332	46	101	149	216	275	336	363	402	416	444	0.072150	0.115364	0.199469	0.104477	0.076267	0.073009	0.068412	0.108764	0.074114	0.107975	
0.008368	46	101	149	216	275	336	363	402	416	444	0.072855	0.116266	0.198877	0.101523	0.076037	0.073978	0.068622	0.108706	0.075121	0.108014	
0.008404	46	101	149	216	275	336	363	402	416	444	0.073560	0.117168	0.198286	0.098569	0.075807	0.074948	0.068832	0.108649	0.076129	0.108053	
0.008440	46	101	149	216	275	336	363	402	416	444	0.074266	0.118069	0.197695	0.095615	0.075577	0.075917	0.069042	0.108591	0.077137	0.108091	
0.008476	46	101	149	216	275	336	363	402	416	444	0.074971	0.118971	0.197103	0.092661	0.075347	0.076886	0.069252	0.108534	0.078144	0.108130	
0.008511	3	46	101	149	216	336	363	402	416	444	0.038617	0.075080	0.113976	0.198094	0.113295	0.072104	0.075141	0.112233	0.072416	0.129047	
0.008547	3	46	101	149	216	336	363	402	416	444	0.039053	0.075756	0.114806	0.197366	0.110337	0.072860	0.075305	0.112109	0.073349	0.129059	
0.008583	3	46	101	149	216	336	363	402	416	444	0.039489	0.076432	0.115637	0.196638	0.107379	0.073617	0.075469	0.111986	0.074281	0.129072	
0.008619	3	46	101	149	216	336	363	402	416	444	0.039926	0.077108	0.116468	0.195910	0.104422	0.074373	0.075633	0.111862	0.075214	0.129085	
0.008654	3	46	101	149	216	336	363	402	416	444	0.040362	0.077784	0.117298	0.195182	0.101464	0.075130	0.075797	0.111739	0.076147	0.129097	
0.008690	3	46	101	149	216	336	363	402	416	444	0.040799	0.078460	0.118129	0.194454	0.098507	0.075886	0.075961	0.111615	0.077079	0.129110	
0.008726	3	46	101	149	216	336	363	402	416	444	0.041235	0.079136	0.118960	0.193727	0.095549	0.076642	0.076125	0.111492	0.078012	0.129123	
0.008762	3	46	101	149	216	336	363	402	416	444	0.041672	0.079812	0.119791	0.192999	0.092591	0.077399	0.076289	0.111368	0.078945	0.129135	
0.008797	3	46	101	149	216	336	363	402	416	444	0.042108	0.080488	0.120621	0.192271	0.089634	0.078155	0.076454	0.111245	0.079877	0.129148	
0.008833	3	46	101	149	216	336	363	402	416	444	0.042544	0.081164	0.121452	0.191543	0.086676	0.078912	0.076618	0.111121	0.080810	0.129161	
0.008869	3	46	101	149	216	336	363	402	416	444	0.042981	0.081840	0.122283	0.190815	0.083718	0.079668	0.076782	0.110997	0.081742	0.129173	
0.008905	3	46	101	149	216	336	363	402	416	444	0.043417	0.082516	0.123113	0.190088	0.080761	0.080425	0.076946	0.110874	0.082675	0.129186	
0.008940	3	46	101	149	216	336	363	402	416	444	0.043854	0.083192	0.123944	0.189360	0.077803	0.081181	0.077110	0.110750	0.083608	0.129199	
0.008976	3	46	101	149	216	336	363	402	416	444	0.044290	0.083867	0.124775	0.188632	0.074846	0.081937	0.077274	0.110627	0.084540	0.129211	
0.009012	3	46	101	149	216	336	363	402	416	444	0.044727	0.084543	0.125606	0.187904	0.071888	0.082694	0.077438	0.110503	0.085473	0.129224	
0.009048	3	46	101	149	216	336	363	402	416	444	0.045163	0.085219	0.126436	0.187176	0.068930	0.083450	0.077602	0.110380	0.086406	0.129237	
0.009084	3	46	101	149	275	336	363	402	416	444	0.037210	0.078848	0.123786	0.198614	0.075024	0.076320	0.082790	0.120395	0.080741	0.126271	
0.009119	3	46	101	149	275	336	363	402	416	444	0.037872	0.079875	0.124840	0.196844	0.073704	0.077225	0.082387	0.119433	0.082091	0.125729	
0.009155	3	46	101	149	275	336	363	402	416	444	0.038535	0.080902	0.125895	0.195074	0.072384	0.078130	0.081984	0.118470	0.083441	0.125187	
0.009191	3	46	101	149	275	336	363	402	416	444	0.039197	0.081928	0.126949	0.193304	0.071064	0.079034	0.081581	0.117508	0.084790	0.124646	
0.009227	3	46	101	149	275	336	363	402	416	444	0.039859	0.082955	0.128003	0.191533	0.069743	0.079939	0.081178	0.116545	0.086140	0.124104	
0.009262	3	46	101	149	275	336	363	402	416	444	0.040522	0.083981	0.129058	0.189763	0.068423	0.080844	0.080775	0.115582	0.087490	0.123562	
0.009298	3	46	101	149	275	336	363	402	416	444	0.041184	0.085008	0.130112	0.187993	0.067103	0.081749	0.080372	0.114620	0.088839	0.123020	
0.009334	3	46	101	149	275	336	363	402	416	444	0.041846	0.086034	0.131167	0.186223	0.065783	0.082653	0.079969	0.113657	0.090189	0.122479	
0.009370	3	46	89	101	149	336	363	402	416	444	0.044321	0.078267	0.038989	0.128899	0.202367	0.077146	0.092021	0.116983	0.084168	0.136840	
0.009405	3	46	89	101	149	336	363	402	416	444	0.044852	0.079227	0.039438	0.129984	0.200301	0.077770	0.091417	0.115681	0.085555	0.135776	
0.009441	3	46	89	101	149	336	363	402	416	444	0.045384	0.080187	0.039887	0.131068	0.198236	0.078393	0.090812	0.114380	0.086942	0.134711	
0.009477	3	46	89	101	149	336	363	402	416	444	0.045915	0.081147	0.040336	0.132152	0.196170	0.079017	0.090208	0.113078	0.088329	0.133646	
0.009513	3	46	89	101	149	336	363	402	416	444	0.046447	0.082108	0.040785	0.133237	0.194105	0.079641	0.089603	0.111777	0.089716	0.132582	
0.009548	3	46	89	101	149	336	363	402	416	444	0.046978	0.083068	0.041234	0.134321	0.192039	0.080264	0.088999	0.110476	0.091104	0.131517	
0.009584	3	46	89	101	149	336	363	402	416	444	0.047510	0.084028	0.041683	0.135406	0.189974	0.080888	0.088394	0.109174	0.092491	0.130452	
0.009620	3	46	89	101	149	336	363	402	416	444	0.048041	0.084988	0.042132	0.136490	0.187908	0.081512	0.087790	0.107873	0.093878	0.129388	
0.009656	3	46	89	101	149	336	363	402	416	444	0.048573	0.085949	0.042581	0.137574	0.185843	0.082135	0.087185	0.106571	0.095265	0.128323	
0.009692	3	46	89	101	149	336	363	402	416	444	0.049105	0.086909	0.043030	0.138659	0.183777	0.082759	0.086581	0.105270	0.096652	0.127258	
0.009727	3	46	89	101	149	336	363	402	416	444	0.049636	0.087869	0.043479	0.139743	0.181712	0.083383	0.085976	0.103969	0.098040	0.126194	
0.009763	3	46	89	101	149	336	363	402	416	444	0.050169	0.088830	0.043930	0.140827	0.179644	0.084006	0.085372	0.102667	0.099426	0.125129	
0.009799	3	46	89	101	149	336	363	402	416	444	0.050700	0.089790	0.044379	0.141911	0.177578	0.084630	0.084768	0.101366	0.100813	0.124064	
0.009835	3	46	89	101	149	336	363	402	416	444	0.051232	0.090750	0.044828	0.142996	0.175513	0.085254	0.084163	0.100065	0.102201	0.122999	
0.009870	3	46	89	101	149	336	363	402	416	444	0.051763	0.091710	0.045277	0.144080	0.173447	0.085877	0.083559	0.098763	0.103588	0.121935	
0.009906	3	46	89	101	149	336	363	402	416	444	0.052295	0.092670	0.045726	0.145164	0.171382	0.086501	0.082954	0.097462	0.104975	0.120870	
0.009942	3	46	89	101	149	336	363	402	416	444	0.052826	0.093631	0.046175	0.146249	0.169316	0.087124	0.082350	0.096161	0.106362	0.119805	
0.009978	3	46	89	101	149	336	363	402	416	444	0.053358	0.094591	0.046624	0.147333	0.167251	0.087748	0.081745	0.094859	0.107749	0.118741	
0.010013	3	46	89	101	149	336	363	402	416	444	0.053889	0.095551	0.047073	0.148418	0.165185	0.088372	0.081141	0.093558	0.109137	0.117676	
0.010049	3	46	89	101	149	336	363	402	416	444	0.054421	0.096511	0.047523	0.149502	0.163120	0.088995	0.080536	0.092256	0.110524	0.116611	
0.010085	3	46	89	101	149	336	363	402	416	444	0.054952	0.097472	0.047972	0.150586	0.161054	0.089619	0.079932	0.090955	0.111911	0.115547	
0.010121	3	46	89	101	149	336	363	402	416	444	0.055484	0.098432	0.048421	0.151671	0.158989	0.090243	0.079327	0.089654	0.113298	0.114482	
0.010156	3	46	89	101	149	336	363	402	416	444	0.056016	0.099392	0.048870	0.152755	0.156923	0.090866	0.078723	0.088352	0.114685	0.113417	
0.010192	3	46	89	101	149	336	363	402	416	444	0.056547	0.100352	0.049319	0.153840	0.154858	0.091490	0.078118	0.087051	0.116073	0.112353	
0.010228	3	46	89	101	149	336	363	402	416	444	0.057079	0.101312	0.049768	0.154924	0.152792	0.092114	0.077514	0.085750	0.117460	0.111288	
0.010264	3	46	89	101	149	336	363	402	416	444	0.057610	0.102273	0.050217	0.156008	0.150727	0.092737	0.076909	0.084448	0.118847	0.110224	
0.010299	3	46	89	101	149	336	363	402	416	444	0.058142	0.103233	0.050666	0.157093	0.148661	0.093361	0.076305	0.083147	0.120234	0.109159	
0.010335	3	46	89	101	149	336	363	402	416	444	0.058673	0.104193	0.051115	0.158177	0.146596	0.093985	0.075700	0.081846	0.121622	0.108094	
0.010371	3	46	89	101	149	336	363	402	416	444	0.059205	0.105153	0.051564	0.159262	0.144530	0.094608	0.075096	0.080544	0.123009	0.107030	
0.010407	3	46	89	101	149	336	363	402	416	444	0.059736	0.106113	0.052013	0.160346	0.142465	0.095232	0.074491	0.079243	0.124396	0.105965	
0.010443	3	46	89	101	149	336	363	402	416	444	0.060268	0.107074	0.052462	0.161430	0.140399	0.095856	0.073887	0.077941	0.125783	0.104900	
0.010478	3	46	89	101	149	336	363	402	416	444	0.060799	0.108034	0.052911	0.162515	0.138334	0.096479	0.073282	0.076640	0.127170	0.103836	
0.010514	3	46	89	101	149	336	363	402	416	444	0.061331	0.108994	0.053360	0.163599	0.136268	0.097103	0.072678	0.075339	0.128558	0.102771	
0.010550	3	46	89	101	149	336	363	402	416	444	0.061862	0.109954	0.053809	0.164684	0.134203	0.097727	0.072073	0.074037	0.129945	0.101706	
0.010586	3	46	89	101	149	336	363	402	416	444	0.062394	0.110915	0.054258	0.165768	0.132137	0.098350	0.071468	0.072736	0.131332	0.100642	
0.010621	3	24	46	101	149	336	363	402	416	444	0.059967	0.032929	0.116907	0.160352	0.146335	0.098121	0.073536	0.082405	0.125339	0.104109	
0.010657	3	24	46	101	149	336	363	402	416	444	0.060416	0.033472	0.117861	0.161315	0.144564	0.098581	0.072995	0.081193	0.126564	0.103040	
0.010693	3	24	46	101	149	336	363	402	416	444	0.060865	0.034015	0.118814	0.162279	0.142792	0.099040	0.072454	0.079981	0.127788	0.101971	
0.010729	3	24	46	101	149	336	363	402	416	444	0.061314	0.034558	0.119768	0.163242	0.141021	0.099500	0.071913	0.078770	0.129012	0.100902	
0.010764	3	24	46	101	149	336	363	402	416	444	0.061762	0.035101	0.120722	0.164205	0.139250	0.099960	0.071372	0.077558	0.130237	0.099833	
0.010800	3	24	46	101	149	336	363	402	416	444	0.062211	0.035644	0.121675	0.165169	0.137479	0.100420	0.070831	0.076347	0.131461	0.098764	
0.010836	3	24	46	89	101	149	336	363	402	416	0.057675	0.031691	0.111114	0.051614	0.169378	0.176482	0.094565	0.091411	0.086137	0.129934	
0.010872	3	24	46	89	101	149	336	363	402	416	0.058141	0.032191	0.112053	0.051855	0.170299	0.174199	0.094869	0.090632	0.084612	0.131150	
0.010907	3	24	46	89	101	149	336	363	416	444	0.062094	0.031115	0.117057	0.055000	0.173208	0.155974	0.088724	0.078192	0.122875	0.115761	
0.010943	3	24	46	89	101	149	336	363	416	444	0.062508	0.031641	0.117937	0.055155	0.174064	0.153712	0.089112	0.077503	0.124285	0.114086	
0.010979	3	24	46	89	101	149	336	363	416	444	0.062922	0.032166	0.118816	0.055309	0.174920	0.151449	0.089499	0.076813	0.125694	0.112411	
0.011015	3	24	46	89	101	149	336	363	416	444	0.063335	0.032692	0.119696	0.055463	0.175777	0.149187	0.089886	0.076123	0.127104	0.110736	
0.011051	3	24	46	89	101	149	336	363	416	444	0.063749	0.033217	0.120576	0.055617	0.176633	0.146925	0.090274	0.075434	0.128514	0.109061	
0.011086	3	24	46	89	101	149	336	363	416	444	0.064163	0.033743	0.121456	0.055772	0.177489	0.144663	0.090661	0.074744	0.129923	0.107386	
0.011122	3	24	46	89	101	149	336	363	416	444	0.064577	0.034268	0.122336	0.055926	0.178345	0.142400	0.091048	0.074055	0.131333	0.105711	
0.011158	3	24	46	89	101	149	336	363	416	444	0.064991	0.034795	0.123215	0.056081	0.179201	0.140137	0.091435	0.073366	0.132742	0.104036	
0.011194	3	24	46	89	101	149	336	363	416	444	0.065405	0.035320	0.124095	0.056236	0.180057	0.137875	0.091823	0.072677	0.134152	0.102361	
0.011229	3	24	46	89	101	149	336	363	416	444	0.065819	0.035846	0.124975	0.056390	0.180913	0.135613	0.092210	0.071987	0.135562	0.100686	
0.011265	3	24	46	89	101	149	336	363	416	444	0.066232	0.036371	0.125855	0.056544	0.181770	0.133350	0.092597	0.071298	0.136971	0.099011	
0.011301	3	24	46	89	101	149	336	363	416	444	0.066646	0.036897	0.126735	0.056698	0.182626	0.131088	0.092985	0.070608	0.138381	0.097336	
0.011337	3	24	46	89	101	149	336	363	416	444	0.067060	0.037422	0.127615	0.056853	0.183482	0.128826	0.093372	0.069918	0.139791	0.095661	
0.011372	3	24	46	89	101	149	336	363	416	444	0.067474	0.037948	0.128495	0.057007	0.184338	0.126564	0.093759	0.069229	0.141200	0.093986	
0.011408	3	24	46	89	101	149	336	363	416	444	0.067888	0.038473	0.129374	0.057161	0.185195	0.124302	0.094147	0.068539	0.142610	0.092311	
0.011444	3	24	46	89	101	149	336	363	416	444	0.068301	0.038999	0.130254	0.057316	0.186051	0.122039	0.094534	0.067850	0.144020	0.090636	
0.011480	3	24	46	89	101	149	336	363	416	444	0.068715	0.039524	0.131134	0.057470	0.186907	0.119777	0.094921	0.067160	0.145430	0.088961	
0.011515	3	24	46	89	101	149	336	363	416	444	0.069129	0.040050	0.132014	0.057624	0.187763	0.117515	0.095309	0.066470	0.146839	0.087287	
0.011551	3	24	46	89	101	149	336	363	416	444	0.069543	0.040576	0.132894	0.057778	0.188620	0.115253	0.095696	0.065781	0.148249	0.085612	
0.011587	3	24	46	89	101	149	336	363	416	444	0.069957	0.041101	0.133774	0.057933	0.189476	0.112990	0.096083	0.065091	0.149659	0.083937	
0.011623	3	24	46	89	101	149	336	363	416	444	0.070370	0.041627	0.134653	0.058087	0.190332	0.110728	0.096470	0.064402	0.151068	0.082262	
0.011659	3	24	46	89	101	149	336	363	416	444	0.070784	0.042152	0.135533	0.058241	0.191188	0.108466	0.096858	0.063712	0.152478	0.080587	
0.011694	3	24	46	89	101	149	336	363	416	444	0.071198	0.042678	0.136413	0.058396	0.192044	0.106204	0.097245	0.063023	0.153888	0.078912	
0.011730	3	24	46	89	101	149	336	363	416	444	0.071612	0.043203	0.137293	0.058550	0.192901	0.103941	0.097632	0.062333	0.155297	0.077237	
0.011766	3	24	46	89	101	149	336	363	416	444	0.072026	0.043729	0.138173	0.058704	0.193757	0.101679	0.098020	0.061643	0.156707	0.075562	
0.011802	3	24	46	89	101	149	336	363	416	444	0.072439	0.044254	0.139053	0.058859	0.194613	0.099417	0.098407	0.060954	0.158117	0.073887	
0.011837	3	24	46	89	101	149	336	363	416	444	0.072853	0.044779	0.139933	0.059012	0.195470	0.097156	0.098795	0.060263	0.159527	0.072212	
0.011873	3	24	46	89	101	336	363	416	425	444	0.074335	0.039465	0.146511	0.058620	0.189770	0.098171	0.076002	0.144187	0.045828	0.127111	
0.011909	3	24	46	89	101	336	363	416	425	444	0.074620	0.040120	0.146844	0.058714	0.190608	0.098108	0.075021	0.145777	0.045959	0.124229	
0.011945	3	24	46	89	101	336	363	416	425	444	0.074905	0.040775	0.147177	0.058807	0.191447	0.098046	0.074041	0.147367	0.046090	0.121346	
0.011980	3	24	46	89	101	336	363	416	425	444	0.075189	0.041430	0.147510	0.058901	0.192285	0.097983	0.073061	0.148957	0.046221	0.118463	
0.012016	3	24	46	89	101	336	363	416	425	444	0.075474	0.042085	0.147843	0.058995	0.193124	0.097920	0.072081	0.150547	0.046352	0.115581	
0.012052	3	24	46	89	101	336	363	416	425	444	0.075758	0.042740	0.148176	0.059088	0.193962	0.097858	0.071100	0.152137	0.046483	0.112698	
0.012088	3	24	46	89	101	336	363	416	425	444	0.076043	0.043395	0.148509	0.059182	0.194801	0.097795	0.070120	0.153726	0.046613	0.109816	
0.012123	3	24	46	89	101	336	363	416	425	444	0.076328	0.044050	0.148842	0.059275	0.195639	0.097732	0.069140	0.155316	0.046744	0.106933	
0.012159	3	24	46	89	101	336	363	416	425	444	0.076612	0.044705	0.149175	0.059369	0.196478	0.097670	0.068160	0.156906	0.046875	0.104050	
0.012195	3	24	46	89	101	336	363	416	425	444	0.076897	0.045361	0.149508	0.059463	0.197316	0.097607	0.067179	0.158496	0.047006	0.101168	
0.012231	3	24	46	89	101	336	363	416	425	444	0.077181	0.046016	0.149840	0.059556	0.198154	0.097544	0.066199	0.160086	0.047137	0.098285	
0.012266	3	24	46	89	101	336	363	416	425	444	0.077466	0.046671	0.150173	0.059650	0.198993	0.097482	0.065219	0.161676	0.047268	0.095403	
0.012302	3	24	46	89	101	336	363	416	425	444	0.077751	0.047326	0.150506	0.059744	0.199831	0.097419	0.064238	0.163266	0.047399	0.092520	
0.012338	3	24	46	89	101	336	363	416	425	444	0.078035	0.047981	0.150839	0.059837	0.200670	0.097356	0.063258	0.164856	0.047530	0.089637	
0.012374	3	24	46	89	101	336	363	416	425	444	0.078320	0.048636	0.151172	0.059931	0.201508	0.097294	0.062278	0.166446	0.047661	0.086755	
0.012410	3	24	46	89	101	336	363	416	425	444	0.078605	0.049291	0.151505	0.060025	0.202347	0.097231	0.061298	0.168036	0.047792	0.083872	
0.012445	3	24	46	89	101	336	363	416	425	444	0.078889	0.049946	0.151838	0.060118	0.203185	0.097168	0.060317	0.169625	0.047922	0.080990	
0.012481	3	24	46	89	101	336	363	416	425	444	0.079174	0.050601	0.152171	0.060212	0.204024	0.097106	0.059337	0.171215	0.048053	0.078107	
0.012517	3	24	46	89	101	336	363	416	425	444	0.079458	0.051257	0.152504	0.060305	0.204862	0.097043	0.058357	0.172805	0.048184	0.075224	
0.012553	3	24	46	89	101	336	363	416	425	444	0.079743	0.051912	0.152837	0.060399	0.205700	0.096980	0.057377	0.174395	0.048315	0.072342	
0.012588	3	24	46	89	101	336	363	416	425	444	0.080028	0.052567	0.153170	0.060493	0.206539	0.096918	0.056396	0.175985	0.048446	0.069459	
0.012624	3	24	46	89	101	336	363	416	425	444	0.080312	0.053222	0.153503	0.060586	0.207377	0.096855	0.055416	0.177575	0.048577	0.066577	
0.012660	3	24	46	89	101	336	363	416	425	444	0.080597	0.053877	0.153836	0.060680	0.208216	0.096792	0.054436	0.179165	0.048708	0.063694	
0.012696	3	24	46	89	101	336	363	416	425	444	0.080881	0.054532	0.154169	0.060774	0.209054	0.096730	0.053455	0.180755	0.048839	0.060811	
0.012731	3	24	46	89	101	336	363	416	425	444	0.081166	0.055187	0.154501	0.060867	0.209893	0.096667	0.052475	0.182345	0.048970	0.057929	
0.012767	3	24	46	89	101	336	363	416	425	444	0.081451	0.055842	0.154834	0.060961	0.210731	0.096604	0.051495	0.183935	0.049100	0.055046	
0.012803	3	24	46	89	101	336	363	416	425	444	0.081735	0.056498	0.155167	0.061055	0.211570	0.096541	0.050515	0.185524	0.049231	0.052164	
0.012839	3	24	46	89	101	336	363	416	425	444	0.082020	0.057153	0.155500	0.061148	0.212408	0.096479	0.049534	0.187114	0.049362	0.049281	
0.012874	3	24	46	89	101	336	363	416	425	444	0.082305	0.057808	0.155833	0.061242	0.213246	0.096416	0.048554	0.188704	0.049493	0.046399	
0.012910	3	24	46	89	101	336	363	416	425	444	0.082589	0.058463	0.156166	0.061335	0.214085	0.096353	0.047574	0.190294	0.049624	0.043516	
0.012946	3	24	46	89	101	336	363	416	425	444	0.082874	0.059118	0.156499	0.061429	0.214923	0.096291	0.046593	0.191884	0.049755	0.040634	
0.012982	3	24	46	89	101	336	363	416	425	444	0.083158	0.059773	0.156832	0.061523	0.215762	0.096228	0.045613	0.193474	0.049886	0.037751	
0.013018	3	24	30	46	89	101	336	363	416	425	0.078755	0.058132	0.031326	0.160181	0.063210	0.216148	0.095464	0.056538	0.192360	0.047886	
0.013053	3	24	30	46	89	101	336	363	416	425	0.079119	0.058922	0.030657	0.160096	0.062983	0.216785	0.094796	0.054181	0.194306	0.048155	
0.013089	3	24	30	46	89	101	336	363	416	425	0.079482	0.059712	0.029988	0.160011	0.062756	0.217422	0.094128	0.051825	0.196252	0.048425	
0.013125	3	24	30	46	89	101	336	363	416	425	0.079846	0.060502	0.029319	0.159927	0.062528	0.218059	0.093460	0.049468	0.198198	0.048694	
0.013161	3	24	30	46	89	101	336	363	416	425	0.080209	0.061291	0.028650	0.159842	0.062301	0.218696	0.092792	0.047111	0.200144	0.048964	
0.013196	3	24	30	46	89	101	336	363	416	425	0.080573	0.062081	0.027980	0.159757	0.062074	0.219332	0.092124	0.044755	0.202090	0.049233	
0.013232	3	24	30	46	89	101	336	363	416	425	0.080936	0.062871	0.027311	0.159672	0.061847	0.219969	0.091456	0.042398	0.204036	0.049502	
0.013268	3	24	30	46	89	101	336	363	416	425	0.081300	0.063661	0.026642	0.159587	0.061620	0.220606	0.090788	0.040042	0.205982	0.049772	
0.013304	3	24	40	46	89	101	336	363	416	425	0.085921	0.062703	0.015873	0.163884	0.064785	0.222650	0.095103	0.044712	0.198396	0.045974	
0.013339	3	24	40	46	89	101	336	363	416	425	0.086182	0.063320	0.016851	0.163870	0.064544	0.223091	0.093958	0.042325	0.199912	0.045948	
0.013375	3	24	40	46	89	101	336	363	416	425	0.086443	0.063936	0.017833	0.163857	0.064303	0.223532	0.092812	0.039938	0.201426	0.045921	
0.013411	3	24	40	46	89	101	336	363	416	425	0.086705	0.064553	0.018815	0.163844	0.064061	0.223972	0.091667	0.037551	0.202939	0.045894	
0.013447	3	24	40	46	89	101	336	363	416	425	0.086966	0.065169	0.019798	0.163831	0.063820	0.224413	0.090521	0.035165	0.204452	0.045866	
0.013482	3	24	40	46	89	101	336	363	416	425	0.087227	0.065785	0.020780	0.163818	0.063579	0.224853	0.089375	0.032778	0.205965	0.045839	
0.013518	3	24	40	46	89	101	336	363	416	425	0.087488	0.066402	0.021763	0.163804	0.063338	0.225294	0.088229	0.030392	0.207478	0.045812	
0.013554	3	24	40	46	89	101	336	363	416	425	0.087749	0.067018	0.022746	0.163791	0.063097	0.225734	0.087083	0.028005	0.208991	0.045785	
0.013590	3	24	40	46	89	101	336	363	416	425	0.088011	0.067634	0.023729	0.163778	0.062856	0.226175	0.085937	0.025619	0.210505	0.045757	
0.013626	3	24	40	46	89	101	336	363	416	425	0.088272	0.068250	0.024712	0.163765	0.062614	0.226615	0.084790	0.023233	0.212018	0.045730	
0.013661	3	24	40	46	89	101	336	363	416	425	0.088533	0.068867	0.025695	0.163752	0.062373	0.227056	0.083644	0.020847	0.213531	0.045703	
0.013697	3	24	40	46	89	101	336	363	416	425	0.088794	0.069483	0.026679	0.163738	0.062132	0.227496	0.082497	0.018462	0.215044	0.045676	
0.013733	3	24	30	40	46	89	101	336	416	425	0.086567	0.068124	0.020968	0.026682	0.165948	0.061834	0.227195	0.083567	0.215038	0.044077	
0.013769	3	24	30	40	46	89	101	336	416	425	0.086897	0.069030	0.019559	0.027812	0.165331	0.061372	0.227481	0.081229	0.216996	0.044292	
0.013804	3	24	30	40	46	89	101	336	416	425	0.087227	0.069936	0.018153	0.028942	0.164714	0.060911	0.227767	0.078889	0.218955	0.044507	
0.013840	3	24	30	40	46	89	101	336	416	425	0.087555	0.070842	0.016756	0.030072	0.164095	0.060447	0.228051	0.076546	0.220914	0.044722	
0.013876	3	24	30	40	46	89	101	336	416	425	0.087880	0.071748	0.015383	0.031201	0.163472	0.059981	0.228332	0.074190	0.222877	0.044938	
0.013912	3	24	30	40	46	89	101	336	416	425	0.088194	0.072654	0.014066	0.032331	0.162840	0.059507	0.228604	0.071805	0.224847	0.045153	
0.013947	3	24	30	40	46	89	101	336	416	425	0.088488	0.073559	0.012861	0.033461	0.162190	0.059018	0.228858	0.069364	0.226831	0.045370	
0.013983	3	24	30	40	46	89	101	336	416	425	0.088750	0.074464	0.011843	0.034591	0.161510	0.058504	0.229084	0.066828	0.228840	0.045587	
0.014019	3	24	30	40	46	89	101	336	416	425	0.088967	0.075369	0.011072	0.035722	0.160790	0.057957	0.229271	0.064167	0.230880	0.045805	
0.014055	3	24	30	40	46	89	101	336	416	425	0.089140	0.076273	0.010562	0.036852	0.160029	0.057374	0.229418	0.061374	0.232954	0.046025	
0.014090	3	24	30	40	46	89	101	336	416	425	0.089273	0.077177	0.010272	0.037983	0.159232	0.056762	0.229531	0.058470	0.235056	0.046247	
0.014126	3	24	30	40	46	89	101	336	416	425	0.089381	0.078080	0.010123	0.039113	0.158412	0.056131	0.229621	0.055493	0.237176	0.046468	
0.014162	3	24	40	46	89	101	336	416	425		0.091247	0.079004	0.040236	0.159196	0.056840	0.231260	0.057568	0.238012	0.046637	
0.014198	3	24	40	46	89	101	336	416	425		0.091329	0.079907	0.041367	0.158352	0.056189	0.231327	0.054517	0.240151	0.046859	
0.014233	3	24	40	46	89	101	336	416	425		0.091411	0.080810	0.042498	0.157509	0.055538	0.231395	0.051466	0.242291	0.047082	
0.014269	3	24	40	46	89	101	336	416	425		0.091493	0.081713	0.043629	0.156665	0.054888	0.231463	0.048414	0.244431	0.047305	
0.014305	3	24	40	46	89	101	336	416	425		0.091575	0.082616	0.044760	0.155821	0.054237	0.231530	0.045363	0.246570	0.047528	
0.014341	3	24	40	46	89	101	336	416	425		0.091657	0.083519	0.045891	0.154978	0.053586	0.231598	0.042311	0.248710	0.047750	
0.014377	3	24	40	46	89	101	336	416	425		0.091739	0.084422	0.047021	0.154134	0.052935	0.231665	0.039260	0.250849	0.047973	
0.014412	3	24	40	46	89	101	336	416	425		0.091822	0.085325	0.048152	0.153290	0.052284	0.231733	0.036209	0.252989	0.048196	
0.014448	3	24	40	46	89	101	336	416	425		0.091904	0.086228	0.049283	0.152447	0.051633	0.231801	0.033158	0.255129	0.048418	
0.014484	3	24	40	46	89	101	336	416	425		0.091986	0.087131	0.050414	0.151603	0.050982	0.231868	0.030106	0.257268	0.048641	
0.014520	3	24	40	46	89	101	336	416	425		0.092068	0.088034	0.051545	0.150759	0.050331	0.231936	0.027055	0.259408	0.048864	
0.014555	3	24	40	46	89	101	336	416	425		0.092150	0.088937	0.052676	0.149915	0.049680	0.232003	0.024005	0.261547	0.049086	
0.014591	3	24	40	46	89	101	336	416	425		0.092231	0.089840	0.053806	0.149071	0.049029	0.232071	0.020955	0.263687	0.049309	
0.014627	3	24	40	46	89	101	336	416	425		0.092312	0.090744	0.054937	0.148224	0.048375	0.232137	0.017914	0.265828	0.049530	
0.014663	3	24	40	46	89	101	336	416	425		0.092377	0.091647	0.056063	0.147351	0.047700	0.232194	0.014947	0.267975	0.049745	
0.014698	3	24	40	46	89	101	336	416	425		0.092368	0.092554	0.057169	0.146345	0.046916	0.232204	0.012365	0.270158	0.049920	
0.014734	3	24	40	46	89	101	336	416	425		0.092171	0.093468	0.058223	0.145006	0.045857	0.232097	0.010750	0.272432	0.049996	
0.014770	3	24	40	46	89	101	336	416	425		0.091776	0.094390	0.059223	0.143315	0.044507	0.231864	0.010157	0.274800	0.049969	
0.014806	3	24	40	46	89	101	416	425			0.093238	0.095238	0.060733	0.144922	0.045877	0.232799	0.276278	0.050914	
0.014841	3	24	40	46	89	101	416	425			0.092728	0.096165	0.061701	0.143026	0.044358	0.232495	0.278702	0.050826	
0.014877	3	24	40	46	89	101	416	425			0.092217	0.097091	0.062669	0.141130	0.042839	0.232190	0.281126	0.050739	
0.014913	3	24	40	46	89	101	416	425			0.091706	0.098017	0.063636	0.139234	0.041320	0.231885	0.283549	0.050651	
0.014949	3	24	40	46	89	101	416	425			0.091196	0.098944	0.064604	0.137338	0.039802	0.231580	0.285973	0.050564	
0.014985	3	24	40	46	89	101	416	425			0.090685	0.099870	0.065572	0.135442	0.038283	0.231275	0.288397	0.050476	
0.015020	3	24	40	46	89	101	416	425			0.090174	0.100796	0.066540	0.133546	0.036764	0.230970	0.290820	0.050389	
0.015056	3	24	40	46	89	101	416	425			0.089664	0.101723	0.067508	0.131649	0.035245	0.230666	0.293244	0.050301	
0.015092	3	24	40	46	89	101	416	425			0.089153	0.102649	0.068476	0.129753	0.033727	0.230361	0.295668	0.050214	
0.015128	3	24	40	46	89	101	416	425			0.088642	0.103575	0.069444	0.127857	0.032208	0.230056	0.298091	0.050126	
0.015163	3	24	40	46	89	101	416	425			0.088132	0.104501	0.070412	0.125961	0.030689	0.229751	0.300515	0.050039	
0.015199	3	24	40	46	89	101	416	425			0.087621	0.105428	0.071379	0.124065	0.029171	0.229446	0.302939	0.049951	
0.015235	3	24	40	46	89	101	416	425			0.087110	0.106354	0.072347	0.122169	0.027652	0.229141	0.305363	0.049864	
0.015271	3	24	40	46	89	101	416	425			0.086600	0.107280	0.073315	0.120273	0.026133	0.228836	0.307786	0.049776	
0.015306	3	24	40	46	89	101	416	425			0.086089	0.108207	0.074283	0.118376	0.024615	0.228531	0.310210	0.049689	
0.015342	3	24	40	46	89	101	416	425			0.085578	0.109133	0.075251	0.116480	0.023096	0.228227	0.312634	0.049601	
0.015378	3	24	40	46	89	101	416	425			0.085067	0.110059	0.076219	0.114584	0.021578	0.227922	0.315057	0.049514	
0.015414	3	24	40	46	89	101	416	425			0.084557	0.110985	0.077187	0.112688	0.020059	0.227617	0.317481	0.049426	
0.015449	3	24	40	46	89	101	416	425			0.084046	0.111912	0.078155	0.110791	0.018541	0.227312	0.319905	0.049339	
0.015485	3	24	40	46	89	101	416	425			0.083535	0.112838	0.079123	0.108894	0.017024	0.227007	0.322329	0.049251	
0.015521	3	24	40	46	89	101	416	425			0.083023	0.113764	0.080091	0.106994	0.015511	0.226701	0.324753	0.049163	
0.015557	3	24	40	46	89	101	416	425			0.082507	0.114688	0.081059	0.105084	0.014017	0.226392	0.327181	0.049073	
0.015593	3	24	40	46	89	101	416	425			0.081975	0.115604	0.082029	0.103128	0.012600	0.226070	0.329620	0.048975	
0.015628	3	24	40	46	89	101	416	425			0.081381	0.116494	0.083003	0.101002	0.011470	0.225699	0.332102	0.048849	
0.015664	3	24	40	46	89	101	416	425			0.080719	0.117353	0.083984	0.098686	0.010663	0.225273	0.334633	0.048689	
0.015700	3	24	40	46	89	101	416	425			0.079974	0.118175	0.084971	0.096143	0.010241	0.224782	0.337222	0.048491	
0.015736	3	24	40	46	89	101	416	425			0.079175	0.118973	0.085963	0.093449	0.010075	0.224248	0.339850	0.048266	
0.015771	3	24	40	46	101	416	425				0.080489	0.120710	0.086779	0.096600	0.225394	0.340984	0.049044	
0.015807	3	24	40	46	101	416	425				0.079654	0.121492	0.087774	0.093808	0.224832	0.343636	0.048803	
0.015843	3	24	40	46	101	416	425				0.078820	0.122275	0.088769	0.091016	0.224269	0.346289	0.048562	
0.015879	3	24	40	46	101	416	425				0.077985	0.123057	0.089764	0.088224	0.223707	0.348942	0.048321	
0.015914	3	24	40	46	101	416	425				0.077151	0.123840	0.090758	0.085432	0.223144	0.351594	0.048080	
0.015950	3	24	40	46	101	416	425				0.076316	0.124622	0.091753	0.082640	0.222582	0.354247	0.047839	
0.015986	3	24	40	46	101	416	425				0.075482	0.125405	0.092748	0.079848	0.222020	0.356899	0.047598	
0.016022	3	24	40	46	101	416	425				0.074647	0.126188	0.093743	0.077056	0.221457	0.359552	0.047357	
0.016057	3	24	40	46	101	416	425				0.073813	0.126970	0.094738	0.074264	0.220895	0.362205	0.047116	
0.016093	3	24	40	46	101	416	425				0.072978	0.127753	0.095732	0.071472	0.220333	0.364857	0.046875	
0.016129	3	24	40	46	101	416	425				0.072144	0.128535	0.096727	0.068680	0.219770	0.367510	0.046634	
0.016165	3	24	40	46	101	416	425				0.071310	0.129318	0.097722	0.065888	0.219208	0.370163	0.046393	
0.016200	3	24	40	46	101	416	425				0.070475	0.130100	0.098717	0.063096	0.218645	0.372815	0.046151	
0.016236	3	24	40	46	101	416	425				0.069641	0.130883	0.099711	0.060304	0.218083	0.375468	0.045910	
0.016272	3	24	40	46	101	416	425				0.068806	0.131665	0.100706	0.057512	0.217520	0.378120	0.045669	
0.016308	3	24	40	46	101	416	425				0.067972	0.132448	0.101701	0.054720	0.216958	0.380773	0.045428	
0.016344	3	24	40	46	101	416	425				0.067137	0.133230	0.102696	0.051928	0.216396	0.383426	0.045187	
0.016379	3	24	40	46	101	416	425				0.066303	0.134013	0.103691	0.049136	0.215833	0.386078	0.044946	
0.016415	3	24	40	46	101	416	425				0.065468	0.134796	0.104685	0.046344	0.215271	0.388731	0.044705	
0.016451	3	24	40	46	101	416	425				0.064634	0.135578	0.105680	0.043552	0.214708	0.391384	0.044464	
0.016487	3	24	40	46	101	416	425				0.063799	0.136361	0.106675	0.040761	0.214146	0.394036	0.044223	
0.016522	3	24	40	46	101	416	425				0.062965	0.137143	0.107670	0.037969	0.213583	0.396689	0.043981	
0.016558	3	24	40	46	101	416	425				0.062130	0.137926	0.108665	0.035177	0.213021	0.399342	0.043740	
0.016594	3	24	40	46	101	416	425				0.061295	0.138708	0.109659	0.032386	0.212458	0.401994	0.043499	
0.016630	3	24	40	46	101	416	425				0.060461	0.139491	0.110654	0.029594	0.211895	0.404647	0.043258	
0.016665	3	24	40	46	101	416	425				0.059626	0.140273	0.111649	0.026803	0.211332	0.407300	0.043016	
0.016701	3	24	40	46	101	416	425				0.058791	0.141056	0.112644	0.024013	0.210769	0.409953	0.042775	
0.016737	3	24	40	46	101	416	425				0.057956	0.141839	0.113639	0.021223	0.210205	0.412606	0.042533	
0.016773	3	24	40	46	101	416	425				0.057120	0.142621	0.114634	0.018435	0.209640	0.415260	0.042290	
0.016808	3	24	40	46	101	416	425				0.056289	0.143404	0.115628	0.015633	0.209085	0.417910	0.042052	
0.016844	3	24	40	46	101	416	425				0.055453	0.144186	0.116623	0.012845	0.208521	0.420564	0.041809	
0.016880	3	24	40	46	101	416	425				0.054477	0.144976	0.117652	0.010437	0.207760	0.423302	0.041395	
0.016916	3	24	40	46	101	416	425				0.052775	0.145802	0.118859	0.010008	0.205978	0.426484	0.040094	
0.016952	3	24	40	101	416	425					0.054591	0.146451	0.119207	0.209140	0.427521	0.043091	
0.016987	3	24	40	101	416	425					0.052731	0.147285	0.120452	0.207136	0.430799	0.041597	
0.017023	3	24	40	101	416	425					0.050871	0.148120	0.121697	0.205133	0.434076	0.040103	
0.017059	3	24	40	101	416	425					0.049011	0.148954	0.122942	0.203130	0.437354	0.038609	
0.017095	3	24	40	101	416	425					0.047151	0.149788	0.124187	0.201126	0.440632	0.037116	
0.017130	3	24	40	101	416	425					0.045291	0.150622	0.125432	0.199123	0.443910	0.035622	
0.017166	3	24	40	101	416	425					0.043431	0.151456	0.126677	0.197120	0.447187	0.034128	
0.017202	3	24	40	101	416	425					0.041571	0.152291	0.127922	0.195116	0.450465	0.032634	
0.017238	3	24	40	101	416	425					0.039711	0.153125	0.129167	0.193113	0.453743	0.031141	
0.017273	3	24	40	101	416	425					0.037852	0.153959	0.130412	0.191110	0.457021	0.029647	
0.017309	3	24	40	101	416	425					0.035992	0.154793	0.131657	0.189106	0.460299	0.028153	
0.017345	3	24	40	101	416	425					0.034132	0.155627	0.132902	0.187103	0.463576	0.026660	
0.017381	3	24	40	101	416	425					0.032272	0.156462	0.134147	0.185099	0.466854	0.025166	
0.017416	3	24	40	101	416	425					0.030412	0.157296	0.135392	0.183096	0.470132	0.023673	
0.017452	3	24	40	101	416	425					0.028552	0.158130	0.136637	0.181092	0.473410	0.022179	
0.017488	3	24	40	101	416	425					0.026692	0.158964	0.137882	0.179088	0.476688	0.020686	
0.017524	3	24	40	101	416	425					0.024832	0.159798	0.139127	0.177085	0.479965	0.019193	
0.017560	3	24	40	101	416	425					0.022973	0.160633	0.140371	0.175080	0.483243	0.017700	
0.017595	3	24	40	101	416	425					0.021113	0.161467	0.141616	0.173075	0.486521	0.016209	
0.017631	3	24	40	101	416	425					0.019251	0.162301	0.142859	0.171068	0.489799	0.014722	
0.017667	3	24	40	101	416	425					0.017381	0.163135	0.144097	0.169048	0.493077	0.013263	
0.017703	3	24	40	101	416	425					0.015469	0.163970	0.145310	0.166976	0.496354	0.011922	
0.017738	3	24	40	101	416	425					0.013439	0.164806	0.146455	0.164768	0.499629	0.010903	
0.017774	3	24	40	101	416	425					0.011352	0.165643	0.147571	0.162502	0.502903	0.010028	
0.017810	3	24	40	101	416	425					0.010190	0.166342	0.148405	0.158649	0.506327	0.010087	
0.017846	3	24	40	101	416						0.010351	0.167259	0.151521	0.161346	0.509523	
0.017881	3	24	40	101	416						0.010096	0.167857	0.152307	0.156684	0.513057	
0.017917	3	24	40	101	416						0.010019	0.168434	0.153079	0.151854	0.516614	
0.017953	24	40	101	416							0.170141	0.154536	0.156385	0.518938	
0.017989	24	40	101	416							0.170709	0.155304	0.151483	0.522504	
0.018024	24	40	101	416							0.171278	0.156071	0.146581	0.526070	
0.018060	24	40	101	416							0.171847	0.156839	0.141678	0.529636	
0.018096	24	40	101	416							0.172416	0.157606	0.136776	0.533202	
0.018132	24	40	101	416							0.172984	0.158374	0.131873	0.536768	
0.018167	24	40	101	416							0.173553	0.159141	0.126971	0.540334	
0.018203	24	40	101	416							0.174122	0.159909	0.122069	0.543901	
0.018239	24	40	101	416							0.174691	0.160676	0.117166	0.547467	
0.018275	24	40	101	416							0.175259	0.161444	0.112264	0.551033	
0.018311	24	40	101	416							0.175828	0.162211	0.107362	0.554599	
0.018346	24	40	101	416							0.176397	0.162979	0.102459	0.558165	
0.018382	24	40	101	416							0.176966	0.163746	0.097557	0.561731	
0.018418	24	40	101	416							0.177534	0.164514	0.092655	0.565297	
0.018454	24	40	101	416							0.178103	0.165281	0.087752	0.568863	
0.018489	24	40	101	416							0.178672	0.166049	0.082850	0.572429	
0.018525	24	40	101	416							0.179241	0.166816	0.077948	0.575995	
0.018561	24	40	101	416							0.179809	0.167584	0.073045	0.579562	
0.018597	24	40	101	416							0.180378	0.168351	0.068143	0.583128	
0.018632	24	40	101	416							0.180947	0.169119	0.063241	0.586694	
0.018668	24	40	101	416							0.181516	0.169886	0.058338	0.590260	
0.018704	24	40	101	416							0.182084	0.170653	0.053436	0.593826	
0.018740	24	40	101	416							0.182653	0.171421	0.048534	0.597392	
0.018775	24	40	101	416							0.183222	0.172188	0.043631	0.600958	
0.018811	24	40	101	416							0.183791	0.172956	0.038729	0.604524	
0.018847	24	40	101	416							0.184360	0.173723	0.033827	0.608091	
0.018883	24	40	101	416							0.184928	0.174491	0.028924	0.611657	
0.018919	24	40	101	416							0.185497	0.175258	0.024022	0.615223	
0.018954	24	40	101	416							0.186065	0.176025	0.019120	0.618790	
0.018990	24	40	101	416							0.186633	0.176791	0.014219	0.622358	
0.019026	24	40	101	416							0.186277	0.176433	0.010022	0.627268	
0.019062	24	40	416								0.193556	0.185367	0.621077	
0.019097	24	40	416								0.187699	0.178314	0.633987	
0.019133	24	40	416								0.181841	0.171262	0.646897	
0.019169	24	40	416								0.175984	0.164209	0.659807	
0.019205	24	40	416								0.170126	0.157157	0.672717	
0.019240	24	40	416								0.164268	0.150104	0.685627	
0.019276	24	40	416								0.158411	0.143052	0.698537	
0.019312	24	40	416								0.152553	0.135999	0.711447	
0.019348	24	40	416								0.146696	0.128947	0.724357	
0.019383	24	40	416								0.140838	0.121894	0.737267	
0.019419	24	40	416								0.134981	0.114842	0.750177	
0.019455	24	40	416								0.129123	0.107789	0.763087	
0.019491	24	40	416								0.123266	0.100737	0.775997	
0.019527	24	40	416								0.117408	0.093685	0.788907	
0.019562	24	40	416								0.111550	0.086632	0.801817	
0.019598	24	40	416								0.105693	0.079580	0.814728	
0.019634	24	40	416								0.099835	0.072527	0.827638	
0.019670	24	40	416								0.093978	0.065474	0.840548	
0.019705	24	40	416								0.088120	0.058422	0.853458	
0.019741	24	40	416								0.082262	0.051371	0.866367	
0.019777	24	40	416								0.076405	0.044317	0.879278	
0.019813	24	40	416								0.070547	0.037265	0.892188	
0.019848	24	40	416								0.064689	0.030213	0.905098	
0.019884	24	40	416								0.058830	0.023162	0.918007	
0.019920	24	40	416								0.052968	0.016116	0.930916	
0.019956	24	40	416								0.046296	0.010095	0.943609	
0.019991	24	416									0.042840	0.957160	
0.020027	24	416									0.031416	0.968584	
0.020063	24	416									0.019992	0.980008	
0.020099											
