731650
731657
731664
731671
731678
731685
731692
731699
731706
731713
731720
731727
731734
731741
731748
731755
731762
731769
731776
731783
731790
731797
731804
731811
731818
731825
731832
731839
731846
731853
731860
731867
731874
731881
731888
731895
731902
731909
731916
731923
731930
731937
731944
731951
731958
731965
731972
731979
731986
731993
732000
732007
732014
732021
732028
732035
732042
732049
732056
732063
732070
732077
732084
732091
732098
732105
732112
732119
732126
732133
732140
732147
732154
732161
732168
732175
732182
732189
732196
732203
732210
732217
732224
732231
732238
732245
732252
732259
732266
732273
732280
732287
732294
732301
732308
732315
732322
732329
732336
732343
732350
732357
732364
732371
732378
732385
732392
732399
732406
732413
732420
732427
732434
732441
732448
732455
732462
732469
732476
732483
732490
732497
732504
732511
732518
732525
732532
732539
732546
732553
732560
732567
732574
732581
732588
732595
732602
732609
732616
732623
732630
732637
732644
732651
732658
732665
732672
732679
732686
732693
732700
732707
732714
732721
732728
732735
732742
732749
732756
732763
732770
732777
732784
732791
732798
732805
732812
732819
732826
732833
732840
732847
732854
732861
732868
732875
732882
732889
732896
732903
732910
732917
732924
732931
732938
732945
732952
732959
732966
732973
732980
732987
732994
733001
733008
733015
733022
733029
733036
733043
733050
733057
733064
733071
733078
733085
733092
733099
733106
733113
733120
733127
733134
733141
733148
733155
733162
733169
733176
733183
733190
733197
733204
733211
733218
733225
733232
733239
733246
733253
733260
733267
733274
733281
733288
733295
733302
733309
733316
733323
733330
733337
733344
733351
733358
733365
733372
733379
733386
733393
733400
733407
733414
733421
733428
733435
733442
733449
733456
733463
733470
733477
733484
733491
