0.004631689624
0.003093336631
0.01202477101
0.003330174605
0.002602155959
0.003007124424
0.002916388822
0.00466979598
0.003930921755
0.001419354457
0.005330359143
0.001340234296
0.006012557372
0.002436665058
0.007943184593
0.002205360875
0.004570824385
0.008945757538
0.006612998429
0.002080386711
0.002505611782
0.00173360276
0.003479323194
0.01699498596
0.003401588864
0.002367738046
0.002098617171
0.00429870777
1.521880875e-005
0.009692655012
0.002591634942
0.002681522011
0.004722451927
0.003689890493
0.003904044933
0.003173338544
0.003492767098
-0.000260233956
0.00525243252
0.01765461751
0.006926815022
0.002059496904
0.001373134602
0.002086198665
0.003319062338
0.01019365221
0.003192161055
0.006144888054
0.002618508108
0.003191251556
0.001137877134
0.001745186663
0.004647844306
0.00296246624
0.004836756945
0.004242773412
0.004096988502
0.006519920124
0.003224325502
0.003844780506
0.004802717877
0.002072557546
0.002486292648
0.003488781473
0.002877663438
0.002480039471
0.002820514633
0.001781633899
0.0058595628
0.00571405594
0.001599565347
0.004389703258
-0.00174078546
0.008382997464
0.0007400944925
0.006549230125
0.002740146018
0.003093306764
0.001387299873
0.00133163947
0.004177887287
0.005423021461
0.004239735358
0.00457380928
0.0006446835188
0.003905233481
0.0005673875749
0.005986803504
0.01022779012
0.004612435473
0.006402654427
0.005507144228
0.005893885628
-0.001318014373
0.001877551832
0.005386639891
0.001772298863
0.002325503339
0.00263254539
0.001529121932
0.01208030612
0.008956578112
0.00690236327
0.005641849975
0.007306509167
0.004794300855
0.008020576039
0.006331735821
0.005050721086
0.003030709399
0.003468147639
0.004611665174
0.002614204124
0.003097224909
0.005327506457
0.0006556783154
0.002653107721
0.009572084461
0.002907042856
0.004770598036
0.003538849753
0.006900162445
0.004793338379
0.004484618365
0.003696729989
0.002913275026
0.002114996008
0.005614882088
0.004690379342
0.005042585555
-0.0006660533484
0.003223987121
0.003140502416
0.004600653833
0.003793511355
0.003877714513
0.003510528867
0.003371332525
0.004075329246
0.001571076419
0.005604300178
0.004932916809
0.006569787385
0.002388259167
0.002973042254
0.002223605485
0.003254110719
0.003123704105
0.006794267485
-0.0007942145447
0.002825678394
0.002969394311
0.004178507999
0.003342905062
0.005833416641
0.005474068585
0.00425191194
0.002926423402
0.005380244736
0.003425852681
0.007859211754
0.004493135388
0.004456785904
0.005421493731
0.004280380095
0.001016829045
0.007184163577
0.0004980665586
0.003591034729
0.004525192561
0.001114157256
0.002041702278
0.003553052802
0.002638141637
-0.0007604511331
0.005368343588
-0.000257793839
0.003566539782
0.004216386099
0.0009311352058
3.959616979e-005
0.003698383009
-0.0006985315638
0.005086875384
0.002270723621
0.003089155549
0.006955859527
0.006721415454
0.00194113366
0.006454280546
0.0008295505394
0.00842425863
0.003197575906
0.001234488955
0.006293091037
0.00550959479
0.009457608516
0.002906975344
0.005543956355
0.005688462919
0.004146555422
0.001390959495
0.004316833053
0.004689224048
0.002549996802
0.006668269791
0.00508664574
0.002745130825
0.002335218667
0.003968613764
0.005995763725
0.00430149344
0.004661782659
0.0006572942491
0.006779482691
0.002939928364
0.008535358397
1.251022718e-006
0.00108338981
0.002477578708
0.003731699105
0.001065868155
0.0006436776057
0.0008035349278
0.001774742919
0.004206433112
0.004065887029
0.002961058531
0.003002563923
0.001433618182
0.004558335235
0.007168404425
-0.001903270609
0.004209722495
0.0007915712724
0.00375377988
0.002976161129
0.0007110982128
0.004343991081
0.008866891842
0.003213584682
0.003322420492
0.002969114082
0.001222514221
0.0009740844819
0.005795084741
0.002244276562
0.002689554101
0.001626783822
0.003781017033
0.001895362715
0.001498599475
0.004641083646
0.003110573276
0.004617253419
0.002001097799
0.004229337105
0.0004636550438
0.0002048161498
0.0052418138
0.004076477095
0.004799269791
0.002446168062
0.004317610075
0.004418144591
0.005585073952
0.004742383095
0.0004233013757
-0.0003908236516
0.006199922754
0.005668450579
0.002531605134
0.001773556478
0.00302820233
0.006298689713
0.00243528054
0.004000464627
0.00490117156
0.002086248139
0.000635428194
0.004384446348
0.004368816104
0.00413369095
0.00304055002
0.003707826626
0.002655459278
-0.0009538300618
0.001362889768
0.008064723511
0.005218558183
0.001466393346
0.009401432982
0.004467782875
0.0002058768509
0.007275977937
0.003913786394
0.001484578702
0.002102117853
0.002182424888
0.009346951282
0.002185862949
0.004333747583
0.002130205098
0.0007717374071
0.005809377223
0.001760056724
0.002094094746
0.003662976179
0.002408043945
0.002566155248
0.003893385834
0.003094085497
0.005773010682
0.005605649021
0.004876990074
0.004893502133
0.00617629192
0.003631215908
0.009220374375
0.007211670923
0.000881860297
0.001572747373
0.004151790353
-0.002707937267
0.005538932869
0.003472300324
0.004337251247
0.002331287871
0.005974274926
0.002024441673
0.002627320023
0.002364924353
0.006560064365
0.006511902192
0.003735621844
0.01052206793
0.002149696497
0.004992331083
0.002705734019
-0.0002760368944
0.003872694965
0.002469254476
0.002108248571
0.002225133867
0.004076135552
0.00390741622
0.005391990987
0.005217494973
0.003490257265
0.002839942473
0.002837954602
0.003305162199
0.002812086285
0.004678525895
0.005447052282
0.005623895491
0.002786299319
0.004428424419
0.004678241658
0.00434516184
-0.0002643711556
0.004042910965
0.0066868574
0.002453310557
0.001300902481
0.005226290521
0.006001669188
0.00697680384
0.003429733751
0.005164523781
0.01068060758
0.004013649175
0.001590319026
0.003915661099
0.003447213482
0.002988302194
0.003530235185
0.004752563516
0.004573140767
0.002700010552
0.002394586213
0.004716608723
0.003365771291
0.00495636978
0.006040488887
0.0001246340946
0.001084386668
0.003930924227
0.007744921545
0.002056976398
0.003305389905
0.006371159534
0.003810355743
0.005442043205
0.0008051358498
0.002480706395
0.002315597024
0.005731713308
0.003161657435
0.002872512665
0.006666776618
0.005535482462
0.004179169826
0.003286471264
0.003281722112
0.002183309267
0.001861065954
0.004066103043
0.003619749962
0.003465948246
0.00246535644
0.002161430335
0.01175291549
0.003889677964
-0.004643943736
0.02012554615
0.003360786148
0.002445723173
0.002417502567
0.003041219391
0.004462941958
0.006368738565
0.002919463815
0.004666788693
0.01325189951
0.003570546958
0.004212416539
0.002679883332
0.002966327698
0.005024781251
0.003853822723
-0.0003968892182
0.004297234315
0.003187023214
0.003235318113
0.001464999479
0.003326634631
0.004410216209
0.00418107145
0.002975284293
0.004566455903
0.008872184595
0.006746883629
0.00686549615
0.00565165633
0.001517130747
0.002371335349
0.004389702842
0.002798075865
0.004804100449
0.00255381626
0.002932937238
0.00899405768
0.003909298839
0.00322898574
0.004651824418
0.001544534425
0.009152058372
0.002966720459
0.0001097985455
-0.0003870231197
0.000724588936
0.001282528075
0.00269018554
0.002103982732
0.01039169546
0.00464720802
0.0005438959785
0.0007343323704
0.004068195994
0.003109462015
0.007641823011
0.005471208887
0.004492872237
0.003608140172
0.003000683437
