0.005177595696
0.004079741787
0.004472948285
0.002844015561
0.003343882343
0.004591408767
0.005106073834
0.006961565511
0.005074496567
0.00495501389
0.00423222904
0.00294980252
0.001665101597
0.005362043432
0.005005243747
0.004615106076
0.0009175569292
0.007233531118
0.004132072557
0.003870271406
0.005309124841
0.0064109229
0.01149914278
0.0007435327557
0.002390921559
0.005707344508
0.006901218761
0.006354120981
0.007275108376
0.004803910898
0.004040805881
0.002503003737
0.001843456752
0.002022052028
0.003967347852
0.003568583761
0.005093081731
0.006861415013
0.007404481906
0.001828470949
0.003414534817
0.005459264218
0.003992883923
0.006303586801
0.003450311532
-0.004046709498
0.004992553812
0.004876752465
